object={
	name="oak_tree_generator_2_0"
	clamp_to_water_level=no
	render_under_water=no
	generated_content=yes
	layer="oak_tree_layer"
	pdxmesh="tree_oak_2_mesh"
	count=424
	transform="1953.090942 0.000000 1400.559814 0.000000 0.867714 0.000000 -0.497063 1.000000 1.000000 1.000000
1958.651123 0.000000 1399.720093 0.000000 0.304015 0.000000 0.952667 1.000000 1.000000 1.000000
2214.282471 0.000000 1492.420898 0.000000 0.999998 0.000000 -0.001828 1.000233 1.000233 1.000233
2217.944092 0.000000 1492.859985 0.000000 0.797583 0.000000 0.603209 1.000000 1.000000 1.000000
2215.164062 0.000000 1493.916748 0.000000 0.876013 0.000000 0.482287 0.935923 0.935923 0.935923
2233.779785 0.000000 1505.992188 0.000000 0.956305 0.000000 -0.292370 1.000000 1.000000 1.000000
2297.112305 0.000000 1565.954590 0.000000 0.006556 0.000000 0.999978 1.000000 1.000000 1.000000
2551.830811 0.000000 1706.557617 0.000000 0.680327 0.000000 -0.732909 1.000000 1.000000 1.000000
2550.119629 0.000000 1724.416260 0.000000 0.682562 0.000000 0.730827 1.000000 1.000000 1.000000
2551.994141 0.000000 1724.330322 0.000000 0.992409 0.000000 0.122982 1.000000 1.000000 1.000000
2552.449219 0.000000 1708.254639 0.000000 0.043242 0.000000 -0.999065 1.000000 1.000000 1.000000
2551.085449 0.000000 1723.074097 0.000000 0.521877 0.000000 0.853021 0.869907 0.869907 0.869907
2783.602783 0.000000 1656.952881 0.000000 0.818494 0.000000 0.574515 1.000000 1.000000 1.000000
2782.184814 0.000000 1659.216187 0.000000 0.683428 0.000000 -0.730018 1.000000 1.000000 1.000000
2783.724121 0.000000 1661.762451 0.000000 0.962671 0.000000 -0.270674 1.000000 1.000000 1.000000
2783.921143 0.000000 1659.240356 0.000000 0.915154 0.000000 -0.403103 1.000000 1.000000 1.000000
2652.000000 0.000000 1721.763062 0.000000 0.161442 0.000000 -0.986882 1.000000 1.000000 1.000000
2654.437744 0.000000 1725.959717 0.000000 0.611385 0.000000 -0.791333 1.000000 1.000000 1.000000
2646.107910 0.000000 1724.416260 0.000000 0.999743 0.000000 0.022658 1.000000 1.000000 1.000000
2654.200439 0.000000 1723.200562 0.000000 0.601010 0.000000 0.799242 1.000000 1.000000 1.000000
2653.221924 0.000000 1719.432007 0.000000 0.118740 0.000000 0.992925 1.000000 1.000000 1.000000
2655.301758 0.000000 1718.792236 0.000000 0.999838 0.000000 0.018002 1.000000 1.000000 1.000000
2655.739746 0.000000 1725.746826 0.000000 0.109478 0.000000 0.993989 1.000000 1.000000 1.000000
2655.936768 0.000000 1723.224731 0.000000 0.428724 0.000000 -0.903436 1.000000 1.000000 1.000000
2655.824707 0.000000 1718.913208 0.000000 0.403272 0.000000 0.915080 1.000000 1.000000 1.000000
2649.671143 0.000000 1746.057129 0.000000 0.039510 0.000000 -0.999219 1.000000 1.000000 1.000000
2640.637207 0.000000 1738.063477 0.000000 0.267918 0.000000 -0.963442 1.000000 1.000000 1.000000
2644.870850 0.000000 1731.717163 0.000000 0.908781 0.000000 0.417273 0.945194 0.945194 0.945194
2653.318115 0.000000 1735.056030 0.000000 0.979274 0.000000 0.202541 1.000000 1.000000 1.000000
2644.391846 0.000000 1735.934448 0.000000 0.774942 0.000000 -0.632032 1.087111 1.087111 1.087111
2647.265869 0.000000 1742.614258 0.000000 0.027652 0.000000 -0.999618 1.000000 1.000000 1.000000
2646.926270 0.000000 1727.833862 0.000000 0.129666 0.000000 -0.991558 1.000000 1.000000 1.000000
2645.994385 0.000000 1745.906494 0.000000 0.263187 0.000000 -0.964745 1.166091 1.166091 1.166091
2654.678955 0.000000 1727.832764 0.000000 0.215664 0.000000 0.976468 1.000000 1.000000 1.000000
2641.612793 0.000000 1740.837158 0.000000 0.978410 0.000000 0.206673 1.000000 1.000000 1.000000
2650.496582 0.000000 1734.942871 0.000000 0.660179 0.000000 0.751108 0.891808 0.891808 0.891808
2643.047852 0.000000 1738.045776 0.000000 0.398189 0.000000 0.917303 1.000000 1.000000 1.000000
2646.629883 0.000000 1740.435791 0.000000 0.624820 0.000000 -0.780769 1.000000 1.000000 1.000000
2647.952148 0.000000 1744.680786 0.000000 0.748255 0.000000 -0.663411 1.000000 1.000000 1.000000
2655.087402 0.000000 1733.730591 0.000000 0.812208 0.000000 0.583368 1.000000 1.000000 1.000000
2653.095703 0.000000 1739.166016 0.000000 0.673283 0.000000 0.739385 1.000000 1.000000 1.000000
2654.227051 0.000000 1729.842896 0.000000 0.696657 0.000000 -0.717404 1.000000 1.000000 1.000000
2645.837646 0.000000 1734.552734 0.000000 0.999891 0.000000 0.014795 0.998116 0.998116 0.998116
2647.513428 0.000000 1747.154175 0.000000 0.999862 0.000000 0.016634 1.000000 1.000000 1.000000
2653.611084 0.000000 1732.458618 0.000000 0.460931 0.000000 -0.887436 1.000000 1.000000 1.000000
2654.986328 0.000000 1735.799438 0.000000 0.975559 0.000000 0.219739 1.000000 1.000000 1.000000
2642.344971 0.000000 1748.705933 0.000000 0.235526 0.000000 -0.971868 1.000000 1.000000 1.000000
2649.734131 0.000000 1738.938354 0.000000 0.921490 0.000000 -0.388402 1.000000 1.000000 1.000000
2645.848389 0.000000 1747.669800 0.000000 0.755279 0.000000 0.655403 1.000000 1.000000 1.000000
2648.437500 0.000000 1740.246826 0.000000 0.535464 0.000000 -0.844558 1.000000 1.000000 1.000000
2643.132568 0.000000 1732.082764 0.000000 0.153496 0.000000 -0.988149 1.000000 1.000000 1.000000
2641.913818 0.000000 1739.200439 0.000000 0.943214 0.000000 0.332186 1.000000 1.000000 1.000000
2644.937988 0.000000 1733.272095 0.000000 0.995715 0.000000 -0.092471 1.011791 1.011791 1.011791
2647.842773 0.000000 1729.141479 0.000000 0.460179 0.000000 -0.887826 1.000000 1.000000 1.000000
2647.642334 0.000000 1737.035645 0.000000 0.116382 0.000000 0.993205 0.814852 0.814852 0.814852
2651.936768 0.000000 1734.510498 0.000000 0.453185 0.000000 -0.891416 1.140115 1.140115 1.140115
2643.221924 0.000000 1735.110474 0.000000 0.995013 0.000000 0.099745 0.987279 0.987279 0.987279
2646.458740 0.000000 1731.655762 0.000000 0.334157 0.000000 -0.942517 1.000000 1.000000 1.000000
2645.396240 0.000000 1741.040771 0.000000 0.331798 0.000000 0.943351 0.843062 0.843062 0.843062
2647.623779 0.000000 1741.326904 0.000000 0.139479 0.000000 -0.990225 1.000000 1.000000 1.000000
2644.500000 0.000000 1743.575928 0.000000 0.997345 0.000000 -0.072821 1.009280 1.009280 1.009280
2642.100098 0.000000 1732.922729 0.000000 0.997385 0.000000 -0.072267 1.000000 1.000000 1.000000
2646.362549 0.000000 1741.771729 0.000000 0.923599 0.000000 -0.383360 1.000000 1.000000 1.000000
2645.957764 0.000000 1732.678711 0.000000 0.309010 0.000000 0.951059 0.839999 0.839999 0.839999
2644.002441 0.000000 1732.725708 0.000000 0.997575 0.000000 -0.069601 1.008869 1.008869 1.008869
2645.427490 0.000000 1735.574341 0.000000 0.660192 0.000000 0.751097 0.891810 0.891810 0.891810
2646.698975 0.000000 1735.282104 0.000000 0.826185 0.000000 -0.563400 1.076203 1.076203 1.076203
2647.511963 0.000000 1739.642578 0.000000 0.447708 0.000000 -0.894180 1.140896 1.140896 1.140896
2657.947998 0.000000 1727.740479 0.000000 0.152875 0.000000 -0.988245 1.000000 1.000000 1.000000
2655.801270 0.000000 1739.831909 0.000000 0.120412 0.000000 0.992724 1.000000 1.000000 1.000000
2711.811279 0.000000 1674.565430 0.000000 0.973376 0.000000 0.229213 1.000000 1.000000 1.000000
2711.784424 0.000000 1671.234253 0.000000 0.999966 0.000000 0.008288 1.000000 1.000000 1.000000
2713.228027 0.000000 1672.901001 0.000000 0.626187 0.000000 -0.779673 1.000000 1.000000 1.000000
3065.678223 0.000000 1633.960938 0.000000 0.356657 0.000000 -0.934235 1.000000 1.000000 1.000000
3065.000977 0.000000 1632.134766 0.000000 0.911875 0.000000 0.410468 1.000000 1.000000 1.000000
2667.716553 0.000000 1798.754883 0.000000 0.427411 0.000000 -0.904058 1.000000 1.000000 1.000000
2862.430420 0.000000 1995.227051 0.000000 0.507201 0.000000 0.861828 1.000000 1.000000 1.000000
2865.920166 0.000000 1991.855591 0.000000 0.519303 0.000000 -0.854590 1.000000 1.000000 1.000000
2863.893066 0.000000 1991.662476 0.000000 0.911425 0.000000 0.411466 1.000000 1.000000 1.000000
2863.028320 0.000000 1993.706421 0.000000 0.591344 0.000000 0.806419 0.880561 0.880561 0.880561
2863.733887 0.000000 1992.756958 0.000000 0.594722 0.000000 0.803932 0.881095 0.881095 0.881095
2863.041992 0.000000 1992.100586 0.000000 0.030049 0.000000 -0.999548 1.196173 1.196173 1.196173
2866.254883 0.000000 2038.466675 0.000000 0.688043 0.000000 -0.725670 1.000000 1.000000 1.000000
2863.487061 0.000000 2034.985474 0.000000 0.983730 0.000000 -0.179651 1.000000 1.000000 1.000000
2868.893799 0.000000 2041.979248 0.000000 0.339514 0.000000 -0.940601 1.000000 1.000000 1.000000
2866.317627 0.000000 2036.635620 0.000000 0.348344 0.000000 -0.937367 1.154698 1.154698 1.154698
2865.825195 0.000000 2033.312256 0.000000 0.420023 0.000000 0.907513 1.000000 1.000000 1.000000
2864.286865 0.000000 2033.695312 0.000000 0.336549 0.000000 -0.941666 1.000000 1.000000 1.000000
2867.524414 0.000000 2037.482300 0.000000 0.162458 0.000000 -0.986715 1.179223 1.179223 1.179223
2897.581543 0.000000 2028.766846 0.000000 0.996987 0.000000 -0.077571 1.000000 1.000000 1.000000
3266.847168 0.000000 1400.251831 0.000000 0.173734 0.000000 -0.984793 1.177767 1.177767 1.177767
3267.936279 0.000000 1400.132446 0.000000 0.169155 0.000000 -0.985589 1.178358 1.178358 1.178358
3442.247314 0.000000 1780.698120 0.000000 0.210760 0.000000 0.977538 1.000000 1.000000 1.000000
3458.873779 0.000000 1774.363281 0.000000 0.250116 0.000000 -0.968216 1.000000 1.000000 1.000000
3458.260254 0.000000 1787.369507 0.000000 0.861555 0.000000 0.507664 1.000000 1.000000 1.000000
3460.380371 0.000000 1772.456299 0.000000 0.983414 0.000000 -0.181374 1.000000 1.000000 1.000000
3458.112793 0.000000 1782.528564 0.000000 0.701245 0.000000 -0.712920 1.000000 1.000000 1.000000
3220.052979 0.000000 1836.083496 0.000000 0.741998 0.000000 0.670402 1.000000 1.000000 1.000000
3220.919434 0.000000 1838.327026 0.000000 0.751703 0.000000 -0.659502 1.000000 1.000000 1.000000
3224.774414 0.000000 1838.023438 0.000000 0.915118 0.000000 0.403187 1.000000 1.000000 1.000000
3250.208008 0.000000 1846.513550 0.000000 0.703487 0.000000 -0.710708 1.000000 1.000000 1.000000
3245.764893 0.000000 1844.021606 0.000000 0.821337 0.000000 -0.570444 1.000000 1.000000 1.000000
3238.337891 0.000000 1841.538574 0.000000 0.878334 0.000000 -0.478048 1.000000 1.000000 1.000000
3245.355225 0.000000 1855.221680 0.000000 0.682274 0.000000 -0.731097 1.000000 1.000000 1.000000
3250.901611 0.000000 1849.992798 0.000000 0.040385 0.000000 -0.999184 1.000000 1.000000 1.000000
3235.468262 0.000000 1843.315186 0.000000 0.331610 0.000000 -0.943416 1.000000 1.000000 1.000000
3255.718018 0.000000 1831.195190 0.000000 0.953685 0.000000 -0.300807 1.000000 1.000000 1.000000
3248.189941 0.000000 1853.603271 0.000000 0.017752 0.000000 0.999842 1.000000 1.000000 1.000000
3252.813477 0.000000 1847.268799 0.000000 0.927463 0.000000 -0.373914 1.000000 1.000000 1.000000
3261.147705 0.000000 1847.400757 0.000000 0.340091 0.000000 0.940392 1.000000 1.000000 1.000000
3238.494873 0.000000 1847.610718 0.000000 0.690970 0.000000 -0.722883 1.000000 1.000000 1.000000
3251.990234 0.000000 1851.807495 0.000000 0.319344 0.000000 0.947639 1.000000 1.000000 1.000000
3245.081787 0.000000 1849.432861 0.000000 0.914954 0.000000 -0.403557 1.000000 1.000000 1.000000
3246.069580 0.000000 1853.228394 0.000000 0.203808 0.000000 0.979011 1.000000 1.000000 1.000000
3239.901123 0.000000 1849.781616 0.000000 0.824886 0.000000 -0.565300 1.000000 1.000000 1.000000
3241.017822 0.000000 1852.224976 0.000000 0.919747 0.000000 -0.392511 1.000000 1.000000 1.000000
3245.987793 0.000000 1851.863770 0.000000 0.258653 0.000000 -0.965970 1.000000 1.000000 1.000000
3241.405273 0.000000 1855.610107 0.000000 0.950851 0.000000 0.309650 1.000000 1.000000 1.000000
3287.740967 0.000000 1898.510742 0.000000 0.591921 0.000000 0.805996 0.880652 0.880652 0.880652
3291.921875 0.000000 1913.716187 0.000000 0.008615 0.000000 0.999963 1.000000 1.000000 1.000000
3283.164062 0.000000 1903.974121 0.000000 0.320340 0.000000 0.947302 1.000000 1.000000 1.000000
3286.587158 0.000000 1913.495483 0.000000 0.985001 0.000000 -0.172551 1.000000 1.000000 1.000000
3286.624756 0.000000 1909.159546 0.000000 0.911132 0.000000 0.412115 0.945916 0.945916 0.945916
3287.187744 0.000000 1902.575195 0.000000 0.147748 0.000000 -0.989025 1.181119 1.181119 1.181119
3284.045166 0.000000 1900.067871 0.000000 0.982344 0.000000 -0.187085 1.023962 1.023962 1.023962
3290.229004 0.000000 1910.351807 0.000000 0.170762 0.000000 -0.985312 1.000000 1.000000 1.000000
3291.182373 0.000000 1897.922119 0.000000 0.866740 0.000000 0.498760 1.000000 1.000000 1.000000
3289.989258 0.000000 1900.852173 0.000000 0.880672 0.000000 -0.473726 1.000000 1.000000 1.000000
3289.142578 0.000000 1914.959106 0.000000 0.142997 0.000000 -0.989723 1.000000 1.000000 1.000000
3287.990234 0.000000 1911.379639 0.000000 0.617897 0.000000 -0.786259 1.000000 1.000000 1.000000
3287.044678 0.000000 1892.900269 0.000000 0.400166 0.000000 0.916443 0.852419 0.852419 0.852419
3285.457520 0.000000 1898.026367 0.000000 0.104478 0.000000 0.994527 0.813327 0.813327 0.813327
3284.911621 0.000000 1902.311401 0.000000 0.128778 0.000000 -0.991673 1.183558 1.183558 1.183558
3289.157715 0.000000 1896.846313 0.000000 0.148273 0.000000 -0.988947 1.181051 1.181051 1.181051
3287.874023 0.000000 1904.641724 0.000000 0.862427 0.000000 0.506181 1.000000 1.000000 1.000000
3285.759521 0.000000 1894.513672 0.000000 0.835355 0.000000 -0.549711 1.074105 1.074105 1.074105
3289.656006 0.000000 1898.899292 0.000000 0.353532 0.000000 -0.935423 1.153992 1.153992 1.153992
3290.866699 0.000000 1915.105835 0.000000 0.999866 0.000000 0.016358 1.000000 1.000000 1.000000
3288.413818 0.000000 1913.355591 0.000000 0.516035 0.000000 -0.856568 1.000000 1.000000 1.000000
3289.023438 0.000000 1894.002686 0.000000 0.398941 0.000000 0.916976 0.852249 0.852249 0.852249
3284.859863 0.000000 1893.233032 0.000000 0.951456 0.000000 -0.307784 1.000000 1.000000 1.000000
3291.422363 0.000000 1896.308838 0.000000 0.742592 0.000000 0.669744 1.000000 1.000000 1.000000
3283.087891 0.000000 1896.523193 0.000000 0.978123 0.000000 -0.208028 1.026682 1.026682 1.026682
3290.121826 0.000000 1913.947754 0.000000 0.437866 0.000000 -0.899040 1.000000 1.000000 1.000000
3284.176514 0.000000 1898.672974 0.000000 0.995491 0.000000 -0.094855 1.012095 1.012095 1.012095
3289.069336 0.000000 1895.418335 0.000000 0.955628 0.000000 -0.294577 1.038072 1.038072 1.038072
3287.545654 0.000000 1901.287842 0.000000 0.500503 0.000000 0.865735 0.866741 0.866741 0.866741
3288.221680 0.000000 1905.901123 0.000000 0.814446 0.000000 -0.580239 1.000000 1.000000 1.000000
3284.435791 0.000000 1894.538940 0.000000 0.928803 0.000000 -0.370573 1.048336 1.048336 1.048336
3284.421875 0.000000 1903.536865 0.000000 0.832826 0.000000 -0.553534 1.074688 1.074688 1.074688
3287.683594 0.000000 1908.379150 0.000000 0.982462 0.000000 -0.186465 1.023881 1.023881 1.023881
3288.779785 0.000000 1907.029663 0.000000 0.676011 0.000000 0.736892 0.894517 0.894517 0.894517
3286.531250 0.000000 1898.935913 0.000000 0.675661 0.000000 0.737213 0.894457 0.894457 0.894457
3290.203369 0.000000 1896.118652 0.000000 0.344041 0.000000 -0.938954 1.000000 1.000000 1.000000
3286.284424 0.000000 1901.732666 0.000000 0.354267 0.000000 -0.935144 1.153892 1.153892 1.153892
3286.673584 0.000000 1904.833008 0.000000 0.159234 0.000000 -0.987241 1.000000 1.000000 1.000000
3286.550293 0.000000 1897.632690 0.000000 0.609990 0.000000 -0.792409 1.116469 1.116469 1.116469
3289.980957 0.000000 1897.802246 0.000000 0.928348 0.000000 -0.371712 1.048492 1.048492 1.048492
3287.043213 0.000000 1906.040649 0.000000 0.856980 0.000000 0.515350 0.931065 0.931065 0.931065
3287.433838 0.000000 1899.603516 0.000000 0.164204 0.000000 -0.986426 1.178998 1.178998 1.178998
3302.330078 0.000000 1905.522949 0.000000 0.768051 0.000000 -0.640388 1.000000 1.000000 1.000000
3302.987305 0.000000 1900.758667 0.000000 0.819209 0.000000 0.573495 1.000000 1.000000 1.000000
3310.077393 0.000000 1911.450684 0.000000 0.620582 0.000000 -0.784142 1.000000 1.000000 1.000000
3303.001953 0.000000 1902.304077 0.000000 0.435519 0.000000 0.900180 1.000000 1.000000 1.000000
3263.431641 0.000000 1936.938354 0.000000 0.499742 0.000000 0.866174 1.000000 1.000000 1.000000
3231.669434 0.000000 1949.692139 0.000000 0.834751 0.000000 -0.550628 1.000000 1.000000 1.000000
3262.379150 0.000000 1934.949463 0.000000 0.999997 0.000000 -0.002260 1.000000 1.000000 1.000000
3228.912109 0.000000 1983.470581 0.000000 0.930774 0.000000 -0.365594 1.000000 1.000000 1.000000
3225.993408 0.000000 1980.503906 0.000000 0.808079 0.000000 0.589074 0.919797 0.919797 0.919797
3225.815186 0.000000 1981.413330 0.000000 0.804092 0.000000 0.594505 0.918939 0.918939 0.918939
3274.084717 0.000000 1949.054443 0.000000 0.858090 0.000000 0.513499 0.931340 0.931340 0.931340
3291.128418 0.000000 1919.907349 0.000000 0.999919 0.000000 0.012747 1.000000 1.000000 1.000000
3263.748535 0.000000 1934.782349 0.000000 0.977761 0.000000 0.209724 1.000000 1.000000 1.000000
3265.227539 0.000000 1933.680176 0.000000 0.519441 0.000000 0.854506 1.000000 1.000000 1.000000
3275.815430 0.000000 1949.193848 0.000000 0.886993 0.000000 -0.461783 1.061116 1.061116 1.061116
3265.798340 0.000000 1934.601318 0.000000 0.999994 0.000000 -0.003486 1.000444 1.000444 1.000444
3274.901123 0.000000 1949.740479 0.000000 0.256949 0.000000 -0.966425 1.166913 1.166913 1.166913
3318.583252 0.000000 1945.487671 0.000000 0.984299 0.000000 -0.176510 1.000000 1.000000 1.000000
3290.229004 0.000000 1974.336182 0.000000 0.338268 0.000000 0.941050 1.000000 1.000000 1.000000
3291.432373 0.000000 1975.642822 0.000000 0.626237 0.000000 -0.779633 1.000000 1.000000 1.000000
3321.383789 0.000000 1956.350830 0.000000 0.999424 0.000000 0.033935 1.000000 1.000000 1.000000
3223.748779 0.000000 1994.487305 0.000000 0.037066 0.000000 -0.999313 1.000000 1.000000 1.000000
3200.597412 0.000000 2005.021362 0.000000 0.733624 0.000000 0.679556 1.000000 1.000000 1.000000
3218.211914 0.000000 2006.474487 0.000000 0.306625 0.000000 0.951830 1.000000 1.000000 1.000000
3225.600830 0.000000 2001.994629 0.000000 0.814474 0.000000 0.580200 0.921190 0.921190 0.921190
3229.247803 0.000000 1990.993530 0.000000 0.428224 0.000000 -0.903673 1.143656 1.143656 1.143656
3214.869141 0.000000 2010.773438 0.000000 0.625702 0.000000 -0.780063 1.000000 1.000000 1.000000
3213.768799 0.000000 2003.982544 0.000000 0.982564 0.000000 -0.185927 1.000000 1.000000 1.000000
3211.834961 0.000000 1994.598877 0.000000 0.905915 0.000000 0.423459 1.000000 1.000000 1.000000
3224.999023 0.000000 2013.845215 0.000000 0.435459 0.000000 -0.900209 1.000000 1.000000 1.000000
3229.989014 0.000000 2004.909668 0.000000 0.434561 0.000000 0.900643 1.000000 1.000000 1.000000
3215.294189 0.000000 1998.114990 0.000000 0.239238 0.000000 0.970961 1.000000 1.000000 1.000000
3211.022461 0.000000 2009.079102 0.000000 0.928662 0.000000 -0.370926 1.000000 1.000000 1.000000
3222.855957 0.000000 1983.771362 0.000000 0.537912 0.000000 -0.843001 1.127685 1.127685 1.127685
3211.650146 0.000000 1990.708008 0.000000 0.303716 0.000000 0.952763 1.000000 1.000000 1.000000
3218.905518 0.000000 2009.953735 0.000000 0.411661 0.000000 0.911337 1.000000 1.000000 1.000000
3227.190186 0.000000 1993.898682 0.000000 0.336215 0.000000 0.941785 0.843659 0.843659 0.843659
3221.924072 0.000000 2001.843994 0.000000 0.400506 0.000000 0.916294 1.000000 1.000000 1.000000
3213.988037 0.000000 1992.431641 0.000000 0.156984 0.000000 -0.987601 1.000000 1.000000 1.000000
3222.037598 0.000000 2012.345947 0.000000 0.313230 0.000000 0.949677 1.000000 1.000000 1.000000
3230.673828 0.000000 1993.680908 0.000000 0.915789 0.000000 0.401659 1.000000 1.000000 1.000000
3223.291748 0.000000 1986.523315 0.000000 0.753551 0.000000 -0.657390 1.000000 1.000000 1.000000
3227.574219 0.000000 2003.749023 0.000000 0.235878 0.000000 0.971783 0.830319 0.830319 0.830319
3212.741699 0.000000 1997.192505 0.000000 0.994145 0.000000 0.108050 1.000000 1.000000 1.000000
3216.436768 0.000000 2008.664673 0.000000 0.948640 0.000000 0.316359 1.000000 1.000000 1.000000
3226.426270 0.000000 1990.880371 0.000000 0.056904 0.000000 -0.998380 1.192751 1.192751 1.192751
3207.608398 0.000000 2012.644043 0.000000 0.587669 0.000000 0.809102 1.000000 1.000000 1.000000
3209.194092 0.000000 2010.824829 0.000000 0.261146 0.000000 -0.965299 1.000000 1.000000 1.000000
3225.051025 0.000000 2004.246094 0.000000 0.919967 0.000000 -0.391996 1.051286 1.051286 1.051286
3229.686768 0.000000 2002.549683 0.000000 0.615985 0.000000 -0.787758 1.000000 1.000000 1.000000
3223.881836 0.000000 2000.618286 0.000000 0.745663 0.000000 0.666323 0.907147 0.907147 0.907147
3213.085693 0.000000 2009.393799 0.000000 0.513119 0.000000 -0.858317 1.000000 1.000000 1.000000
3219.466309 0.000000 2002.023682 0.000000 0.953494 0.000000 0.301412 0.961017 0.961017 0.961017
3223.443115 0.000000 2003.091675 0.000000 0.509217 0.000000 0.860638 0.868026 0.868026 0.868026
3224.981445 0.000000 1984.048828 0.000000 0.153186 0.000000 -0.988197 1.180419 1.180419 1.180419
3211.990479 0.000000 1992.552490 0.000000 0.523706 0.000000 0.851899 1.000000 1.000000 1.000000
3220.850830 0.000000 2009.987061 0.000000 0.536115 0.000000 -0.844145 1.000000 1.000000 1.000000
3230.916016 0.000000 1991.736938 0.000000 0.342776 0.000000 0.939417 1.000000 1.000000 1.000000
3225.663818 0.000000 1994.875854 0.000000 0.700466 0.000000 -0.713686 1.000000 1.000000 1.000000
3201.536377 0.000000 2003.093628 0.000000 0.615406 0.000000 -0.788211 1.000000 1.000000 1.000000
3210.959229 0.000000 2010.864380 0.000000 0.328926 0.000000 0.944356 1.000000 1.000000 1.000000
3227.544678 0.000000 1996.101685 0.000000 0.501365 0.000000 0.865236 0.866867 0.866867 0.866867
3224.421631 0.000000 2009.332153 0.000000 0.352639 0.000000 -0.935759 1.000000 1.000000 1.000000
3216.600830 0.000000 2006.952026 0.000000 0.064502 0.000000 -0.997918 1.000000 1.000000 1.000000
3225.031250 0.000000 1989.979248 0.000000 0.059504 0.000000 -0.998228 1.192419 1.192419 1.192419
3226.632080 0.000000 1987.199829 0.000000 0.973186 0.000000 0.230018 0.970449 0.970449 0.970449
3214.842041 0.000000 2008.918945 0.000000 0.999966 0.000000 -0.008293 1.000000 1.000000 1.000000
3224.572754 0.000000 2005.785889 0.000000 0.029665 0.000000 -0.999560 1.196222 1.196222 1.196222
3227.430176 0.000000 1992.285400 0.000000 0.981499 0.000000 -0.191469 1.024530 1.024530 1.024530
3220.457520 0.000000 2000.812378 0.000000 0.955830 0.000000 -0.293920 1.000000 1.000000 1.000000
3214.241699 0.000000 1996.762207 0.000000 0.801072 0.000000 0.598568 1.000000 1.000000 1.000000
3229.933350 0.000000 2000.390015 0.000000 0.994694 0.000000 0.102882 1.000000 1.000000 1.000000
3212.932129 0.000000 1995.711792 0.000000 0.949020 0.000000 0.315216 0.959169 0.959169 0.959169
3226.207275 0.000000 2003.281372 0.000000 0.978810 0.000000 -0.204770 1.026258 1.026258 1.026258
3221.742920 0.000000 2008.333862 0.000000 0.004787 0.000000 0.999989 1.000000 1.000000 1.000000
3220.408936 0.000000 2008.660889 0.000000 0.994457 0.000000 -0.105149 1.000000 1.000000 1.000000
3218.781738 0.000000 2003.345947 0.000000 0.912265 0.000000 0.409601 0.946267 0.946267 0.946267
3219.481201 0.000000 2006.889404 0.000000 0.882955 0.000000 -0.469458 1.000000 1.000000 1.000000
3227.395020 0.000000 1999.745361 0.000000 0.532443 0.000000 -0.846466 1.128510 1.128510 1.128510
3226.271973 0.000000 1989.311646 0.000000 0.235124 0.000000 -0.971965 1.169780 1.169780 1.169780
3223.084717 0.000000 2008.257690 0.000000 0.814364 0.000000 0.580354 0.921166 0.921166 0.921166
3226.291016 0.000000 1998.165283 0.000000 0.305418 0.000000 0.952218 0.839519 0.839519 0.839519
3223.394531 0.000000 2006.215088 0.000000 0.574525 0.000000 0.818487 0.877925 0.877925 0.877925
3224.016846 0.000000 1988.064331 0.000000 0.210396 0.000000 0.977616 0.826990 0.826990 0.826990
3222.681396 0.000000 2000.809570 0.000000 0.978954 0.000000 -0.204083 1.026168 1.026168 1.026168
3227.208252 0.000000 1997.246704 0.000000 0.032660 0.000000 -0.999467 1.195841 1.195841 1.195841
3229.781982 0.000000 1992.077393 0.000000 0.586799 0.000000 0.809732 0.879845 0.879845 0.879845
3228.250244 0.000000 1991.510254 0.000000 0.958654 0.000000 -0.284574 1.036741 1.036741 1.036741
3227.945312 0.000000 1995.033936 0.000000 0.513754 0.000000 0.857938 0.868698 0.868698 0.868698
3221.010254 0.000000 2004.396606 0.000000 0.916751 0.000000 -0.399459 1.052321 1.052321 1.052321
3221.570312 0.000000 2006.345581 0.000000 0.763775 0.000000 -0.645482 1.089337 1.089337 1.089337
3226.700195 0.000000 1988.247070 0.000000 0.971309 0.000000 0.237822 0.969427 0.969427 0.969427
3224.309570 0.000000 1986.006592 0.000000 0.798027 0.000000 0.602621 0.917649 0.917649 0.917649
3222.355957 0.000000 2002.759033 0.000000 0.753668 0.000000 -0.657255 1.091313 1.091313 1.091313
3222.749512 0.000000 2003.838135 0.000000 0.774205 0.000000 -0.632935 1.087260 1.087260 1.087260
3225.021484 0.000000 1996.959106 0.000000 0.106240 0.000000 0.994341 0.813552 0.813552 0.813552
3226.559814 0.000000 2002.371216 0.000000 0.273322 0.000000 -0.961922 1.164751 1.164751 1.164751
3250.208008 0.000000 2006.474487 0.000000 0.815170 0.000000 -0.579222 1.078658 1.078658 1.078658
3250.901611 0.000000 2009.953735 0.000000 0.911206 0.000000 0.411951 1.000000 1.000000 1.000000
3251.989258 0.000000 2004.010498 0.000000 0.735353 0.000000 0.677684 1.000000 1.000000 1.000000
3252.813477 0.000000 2007.229736 0.000000 0.228782 0.000000 0.973478 0.829390 0.829390 0.829390
3201.881592 0.000000 2015.670166 0.000000 0.506833 0.000000 0.862044 1.000000 1.000000 1.000000
3294.359619 0.000000 2013.889404 0.000000 0.952196 0.000000 -0.305488 1.000000 1.000000 1.000000
3291.769531 0.000000 2012.590210 0.000000 0.424380 0.000000 0.905484 1.000000 1.000000 1.000000
3270.963867 0.000000 1989.801758 0.000000 0.117209 0.000000 0.993107 1.000000 1.000000 1.000000
3266.520508 0.000000 1991.950684 0.000000 0.607999 0.000000 0.793938 1.000000 1.000000 1.000000
3291.405273 0.000000 2014.614258 0.000000 0.979387 0.000000 0.201992 1.000000 1.000000 1.000000
3293.385742 0.000000 2012.583740 0.000000 0.756373 0.000000 -0.654140 1.090788 1.090788 1.090788
3292.812012 0.000000 2013.979248 0.000000 0.037037 0.000000 -0.999314 1.195283 1.195283 1.195283
3293.900879 0.000000 2014.919922 0.000000 0.976566 0.000000 0.215217 0.972382 0.972382 0.972382
3293.435059 0.000000 2015.996460 0.000000 0.759814 0.000000 -0.650140 1.090116 1.090116 1.090116
3292.275391 0.000000 2015.634766 0.000000 0.946910 0.000000 0.321498 0.958325 0.958325 0.958325
3328.923096 0.000000 1944.427002 0.000000 0.815579 0.000000 -0.578646 1.000000 1.000000 1.000000
1980.584106 0.000000 2096.638672 0.000000 0.612610 0.000000 -0.790386 1.116048 1.116048 1.116048
1982.826172 0.000000 2089.657471 0.000000 0.963658 0.000000 -0.267139 1.000000 1.000000 1.000000
1981.177490 0.000000 2091.080078 0.000000 0.231914 0.000000 0.972736 1.000000 1.000000 1.000000
2003.211182 0.000000 2108.667480 0.000000 0.670895 0.000000 0.741552 1.000000 1.000000 1.000000
1980.584106 0.000000 2160.623047 0.000000 0.865773 0.000000 0.500438 1.000000 1.000000 1.000000
1982.561157 0.000000 2161.226807 0.000000 0.135060 0.000000 0.990837 0.817249 0.817249 0.817249
1999.998413 0.000000 2151.623291 0.000000 0.696967 0.000000 -0.717103 1.000000 1.000000 1.000000
1999.592407 0.000000 2162.954346 0.000000 0.752217 0.000000 0.658915 1.000000 1.000000 1.000000
2004.955444 0.000000 2175.430664 0.000000 0.212752 0.000000 0.977106 0.827297 0.827297 0.827297
1998.004517 0.000000 2162.330566 0.000000 0.431754 0.000000 -0.901991 1.000000 1.000000 1.000000
1983.824463 0.000000 2161.864502 0.000000 0.997836 0.000000 -0.065751 1.008378 1.008378 1.008378
2024.731689 0.000000 2168.406006 0.000000 0.751731 0.000000 -0.659470 1.000000 1.000000 1.000000
2024.049316 0.000000 2169.703613 0.000000 0.321322 0.000000 0.946970 1.000000 1.000000 1.000000
1971.323975 0.000000 2191.903809 0.000000 0.876689 0.000000 -0.481058 1.000000 1.000000 1.000000
1959.151245 0.000000 2188.688477 0.000000 0.599559 0.000000 0.800330 1.000000 1.000000 1.000000
1961.955688 0.000000 2188.620117 0.000000 0.144787 0.000000 0.989463 0.818500 0.818500 0.818500
1971.618530 0.000000 2193.976807 0.000000 0.329308 0.000000 -0.944223 1.000000 1.000000 1.000000
1969.934448 0.000000 2193.273193 0.000000 0.451683 0.000000 -0.892179 1.000000 1.000000 1.000000
1980.584106 0.000000 2224.607422 0.000000 0.878151 0.000000 -0.478384 1.000000 1.000000 1.000000
1970.029419 0.000000 2215.801025 0.000000 0.948093 0.000000 0.317994 1.000000 1.000000 1.000000
1970.264648 0.000000 2214.157959 0.000000 1.000000 0.000000 -0.000632 1.000000 1.000000 1.000000
2003.320068 0.000000 2191.903809 0.000000 0.945346 0.000000 0.326068 1.000000 1.000000 1.000000
1996.890015 0.000000 2189.145752 0.000000 0.025038 0.000000 0.999686 0.803188 0.803188 0.803188
1997.565796 0.000000 2191.266113 0.000000 0.921976 0.000000 -0.387247 1.000000 1.000000 1.000000
2004.605957 0.000000 2192.765625 0.000000 0.740963 0.000000 0.671546 1.000000 1.000000 1.000000
1996.386841 0.000000 2191.896240 0.000000 0.583001 0.000000 0.812472 1.000000 1.000000 1.000000
2044.576294 0.000000 2192.615234 0.000000 0.582348 0.000000 0.812940 0.879146 0.879146 0.879146
1986.030029 0.000000 2207.623291 0.000000 0.823430 0.000000 -0.567418 1.000000 1.000000 1.000000
2004.201416 0.000000 2219.989746 0.000000 0.608317 0.000000 0.793694 1.000000 1.000000 1.000000
1988.831787 0.000000 2208.417969 0.000000 0.997682 0.000000 -0.068043 1.000000 1.000000 1.000000
2022.486084 0.000000 2225.444824 0.000000 0.111231 0.000000 0.993795 1.000000 1.000000 1.000000
2038.703979 0.000000 2220.318604 0.000000 0.318793 0.000000 0.947824 1.000000 1.000000 1.000000
2022.770874 0.000000 2227.032959 0.000000 0.116313 0.000000 0.993213 1.000000 1.000000 1.000000
2038.683472 0.000000 2218.857666 0.000000 0.326766 0.000000 0.945105 1.000000 1.000000 1.000000
2012.078003 0.000000 2265.630127 0.000000 0.611668 0.000000 -0.791115 1.116199 1.116199 1.116199
2006.743286 0.000000 2265.409424 0.000000 0.495423 0.000000 0.868652 0.865995 0.865995 0.865995
2015.696411 0.000000 2264.804443 0.000000 0.549159 0.000000 -0.835718 1.000000 1.000000 1.000000
2010.385010 0.000000 2262.265869 0.000000 0.540845 0.000000 -0.841122 1.127242 1.127242 1.127242
2006.185791 0.000000 2268.283447 0.000000 0.997390 0.000000 -0.072206 1.009202 1.009202 1.009202
2011.925781 0.000000 2268.527588 0.000000 0.811995 0.000000 -0.583665 1.000000 1.000000 1.000000
2009.298706 0.000000 2266.873291 0.000000 0.502914 0.000000 0.864337 0.867095 0.867095 0.867095
2004.965576 0.000000 2263.167236 0.000000 0.879051 0.000000 -0.476728 1.063271 1.063271 1.063271
2013.299805 0.000000 2263.299072 0.000000 0.800114 0.000000 0.599848 1.000000 1.000000 1.000000
2004.142456 0.000000 2267.706055 0.000000 0.880531 0.000000 -0.473989 1.062875 1.062875 1.062875
2007.591553 0.000000 2259.029053 0.000000 0.015116 0.000000 0.999886 1.000000 1.000000 1.000000
2004.999268 0.000000 2265.924561 0.000000 0.587641 0.000000 0.809122 0.879977 0.879977 0.879977
2008.060425 0.000000 2268.197510 0.000000 0.664177 0.000000 0.747575 1.000000 1.000000 1.000000
2011.022949 0.000000 2267.020020 0.000000 0.247531 0.000000 -0.968880 1.168152 1.168152 1.168152
2009.474609 0.000000 2263.244141 0.000000 0.683254 0.000000 0.730181 0.895774 0.895774 0.895774
2007.808472 0.000000 2269.646484 0.000000 0.994195 0.000000 0.107589 0.986275 0.986275 0.986275
2007.542847 0.000000 2262.152588 0.000000 0.925661 0.000000 -0.378355 1.049404 1.049404 1.049404
2013.384399 0.000000 2266.216553 0.000000 0.812310 0.000000 0.583227 0.920716 0.920716 0.920716
2008.108765 0.000000 2266.313477 0.000000 0.138325 0.000000 -0.990387 1.182331 1.182331 1.182331
2009.733887 0.000000 2261.332764 0.000000 0.420023 0.000000 0.907514 0.855191 0.855191 0.855191
2010.499756 0.000000 2263.480957 0.000000 0.984627 0.000000 -0.174671 1.022354 1.022354 1.022354
2004.079468 0.000000 2265.490234 0.000000 0.796547 0.000000 0.604576 0.917337 0.917337 0.917337
2007.104370 0.000000 2267.967773 0.000000 0.832268 0.000000 -0.554374 1.074817 1.074817 1.074817
2008.899170 0.000000 2267.752686 0.000000 0.743096 0.000000 0.669185 0.906657 0.906657 0.906657
2011.938232 0.000000 2266.572998 0.000000 0.977313 0.000000 0.211802 0.972827 0.972827 0.972827
2007.913330 0.000000 2261.247070 0.000000 0.156362 0.000000 -0.987700 1.180009 1.180009 1.180009
2013.562988 0.000000 2267.627686 0.000000 0.245611 0.000000 -0.969368 1.168405 1.168405 1.168405
2006.326538 0.000000 2267.301270 0.000000 0.915106 0.000000 0.403212 0.947157 0.947157 0.947157
2009.341309 0.000000 2262.366943 0.000000 0.952239 0.000000 0.305352 0.960490 0.960490 0.960490
2027.240723 0.000000 2255.168945 0.000000 0.952551 0.000000 -0.304379 1.000000 1.000000 1.000000
2034.356445 0.000000 2262.411865 0.000000 0.748718 0.000000 0.662888 0.907732 0.907732 0.907732
2018.436035 0.000000 2267.252197 0.000000 0.760568 0.000000 -0.649258 1.089968 1.089968 1.089968
2022.617676 0.000000 2266.070801 0.000000 0.526327 0.000000 0.850282 0.870572 0.870572 0.870572
2021.446655 0.000000 2269.801758 0.000000 0.681618 0.000000 -0.731708 1.000000 1.000000 1.000000
2035.049805 0.000000 2265.891357 0.000000 0.956756 0.000000 -0.290892 1.000000 1.000000 1.000000
2015.817749 0.000000 2269.614014 0.000000 0.010543 0.000000 0.999944 1.000000 1.000000 1.000000
2030.233643 0.000000 2263.364746 0.000000 0.361107 0.000000 -0.932524 1.000000 1.000000 1.000000
2017.083130 0.000000 2264.348877 0.000000 0.919455 0.000000 -0.393195 1.051452 1.051452 1.051452
2030.984497 0.000000 2257.053467 0.000000 0.413337 0.000000 0.910578 1.000000 1.000000 1.000000
2028.515259 0.000000 2257.716064 0.000000 0.707703 0.000000 -0.706510 1.099893 1.099893 1.099893
2023.752808 0.000000 2268.581543 0.000000 0.682231 0.000000 0.731137 1.000000 1.000000 1.000000
2020.136963 0.000000 2265.347656 0.000000 0.042050 0.000000 -0.999115 1.000000 1.000000 1.000000
2024.731689 0.000000 2264.382568 0.000000 0.926250 0.000000 -0.376910 1.049205 1.049205 1.049205
2016.014771 0.000000 2267.091797 0.000000 0.521664 0.000000 -0.853151 1.130125 1.130125 1.130125
2029.561890 0.000000 2255.250488 0.000000 0.610269 0.000000 -0.792194 1.116425 1.116425 1.116425
2024.929688 0.000000 2270.608887 0.000000 0.628562 0.000000 -0.777760 1.113458 1.113458 1.113458
2025.967285 0.000000 2260.672363 0.000000 0.978801 0.000000 0.204814 1.000000 1.000000 1.000000
2019.720459 0.000000 2269.089111 0.000000 0.999567 0.000000 0.029422 1.000000 1.000000 1.000000
2028.341675 0.000000 2263.478516 0.000000 0.999933 0.000000 0.011609 0.998522 0.998522 0.998522
2036.995361 0.000000 2265.924561 0.000000 0.949423 0.000000 0.314000 1.000000 1.000000 1.000000
2035.236572 0.000000 2253.943604 0.000000 0.984587 0.000000 -0.174894 1.000000 1.000000 1.000000
2034.418945 0.000000 2260.581055 0.000000 0.772563 0.000000 -0.634938 1.087590 1.087590 1.087590
2023.077026 0.000000 2270.616211 0.000000 0.957776 0.000000 -0.287514 1.037132 1.037132 1.037132
2018.999512 0.000000 2264.041016 0.000000 0.942975 0.000000 0.332863 1.000000 1.000000 1.000000
2021.182983 0.000000 2264.121826 0.000000 0.059638 0.000000 -0.998220 1.000000 1.000000 1.000000
2039.147827 0.000000 2266.941406 0.000000 0.873646 0.000000 -0.486561 1.064700 1.064700 1.064700
2031.192139 0.000000 2255.545898 0.000000 0.853385 0.000000 0.521281 1.000000 1.000000 1.000000
2029.593262 0.000000 2256.730713 0.000000 0.409384 0.000000 0.912362 0.853702 0.853702 0.853702
2040.202759 0.000000 2270.914551 0.000000 0.835192 0.000000 -0.549959 1.074143 1.074143 1.074143
2017.157715 0.000000 2266.378174 0.000000 0.612094 0.000000 -0.790785 1.116131 1.116131 1.116131
2035.625732 0.000000 2262.826904 0.000000 0.919175 0.000000 -0.393850 1.051543 1.051543 1.051543
2025.860840 0.000000 2262.076416 0.000000 0.999987 0.000000 -0.005183 1.000660 1.000660 1.000660
2023.035889 0.000000 2264.739746 0.000000 0.982526 0.000000 -0.186124 1.023837 1.023837 1.023837
2028.342896 0.000000 2254.556641 0.000000 0.527290 0.000000 -0.849685 1.129283 1.129283 1.129283
2026.296997 0.000000 2270.400391 0.000000 0.963490 0.000000 -0.267745 1.034511 1.034511 1.034511
2029.279541 0.000000 2262.867432 0.000000 0.768755 0.000000 -0.639543 1.088351 1.088351 1.088351
2034.699463 0.000000 2261.520020 0.000000 0.798688 0.000000 0.601745 0.917789 0.917789 0.917789
2034.753296 0.000000 2263.246582 0.000000 0.630500 0.000000 -0.776190 1.113140 1.113140 1.113140
2026.748779 0.000000 2256.083496 0.000000 0.954655 0.000000 0.297716 0.961510 0.961510 0.961510
2024.002808 0.000000 2270.618164 0.000000 0.588437 0.000000 0.808543 0.880103 0.880103 0.880103
2022.199585 0.000000 2264.300293 0.000000 0.823649 0.000000 -0.567100 1.076774 1.076774 1.076774
2022.917480 0.000000 2266.909912 0.000000 0.903188 0.000000 0.429245 0.943512 0.943512 0.943512
2026.886353 0.000000 2271.106934 0.000000 0.993439 0.000000 0.114360 0.985407 0.985407 0.985407
2009.543945 0.000000 2276.272705 0.000000 0.978895 0.000000 0.204363 1.000000 1.000000 1.000000
2007.004272 0.000000 2271.701172 0.000000 0.954966 0.000000 -0.296715 1.000000 1.000000 1.000000
2014.756836 0.000000 2271.699951 0.000000 0.223939 0.000000 0.974603 1.000000 1.000000 1.000000
2007.439941 0.000000 2274.452881 0.000000 0.331438 0.000000 0.943477 1.000000 1.000000 1.000000
2005.613647 0.000000 2281.932617 0.000000 0.919010 0.000000 0.394234 1.000000 1.000000 1.000000
2011.694702 0.000000 2276.882812 0.000000 0.888806 0.000000 -0.458283 1.000000 1.000000 1.000000
2014.305054 0.000000 2273.709961 0.000000 0.993220 0.000000 0.116249 1.000000 1.000000 1.000000
2008.827026 0.000000 2274.927734 0.000000 0.457974 0.000000 -0.888966 1.139430 1.139430 1.139430
2012.396118 0.000000 2273.673828 0.000000 0.907077 0.000000 0.420966 0.944677 0.944677 0.944677
2043.280640 0.000000 2271.821533 0.000000 0.268563 0.000000 -0.963262 1.000000 1.000000 1.000000
2039.000366 0.000000 2271.701172 0.000000 0.138792 0.000000 -0.990322 1.000000 1.000000 1.000000
2022.744751 0.000000 2274.383789 0.000000 0.520296 0.000000 -0.853986 1.000000 1.000000 1.000000
2039.196899 0.000000 2276.806641 0.000000 0.059727 0.000000 -0.998215 1.000000 1.000000 1.000000
2041.802979 0.000000 2273.804688 0.000000 0.665553 0.000000 0.746351 1.000000 1.000000 1.000000
2025.013672 0.000000 2273.555176 0.000000 0.818938 0.000000 0.573882 0.922175 0.922175 0.922175
2041.309937 0.000000 2280.752441 0.000000 0.412932 0.000000 0.910762 1.000000 1.000000 1.000000
2029.050049 0.000000 2273.532227 0.000000 0.999922 0.000000 0.012512 1.000000 1.000000 1.000000
2041.808228 0.000000 2282.805664 0.000000 0.992410 0.000000 0.122977 1.000000 1.000000 1.000000
2021.064331 0.000000 2274.045654 0.000000 0.817897 0.000000 0.575365 1.000000 1.000000 1.000000
2037.012207 0.000000 2277.139404 0.000000 0.700895 0.000000 -0.713265 1.000000 1.000000 1.000000
2039.716553 0.000000 2280.902832 0.000000 0.145356 0.000000 -0.989379 1.000000 1.000000 1.000000
2023.729126 0.000000 2273.134521 0.000000 0.143888 0.000000 0.989594 0.818384 0.818384 0.818384
2026.801392 0.000000 2271.452148 0.000000 0.577130 0.000000 0.816652 0.878331 0.878331 0.878331
2021.808838 0.000000 2271.568115 0.000000 0.797105 0.000000 0.603841 0.917454 0.917454 0.917454
2040.134399 0.000000 2271.568359 0.000000 0.999999 0.000000 -0.001736 1.000221 1.000221 1.000221
2021.526123 0.000000 2273.114014 0.000000 0.768596 0.000000 -0.639735 1.088382 1.088382 1.088382
2027.796021 0.000000 2271.538574 0.000000 0.548380 0.000000 -0.836229 1.126098 1.126098 1.126098
2055.749023 0.000000 2204.597168 0.000000 0.902921 0.000000 0.429807 1.000000 1.000000 1.000000
2909.286865 0.000000 2054.978027 0.000000 0.007100 0.000000 0.999975 1.000000 1.000000 1.000000
2851.515137 0.000000 2259.213623 0.000000 0.832660 0.000000 -0.553784 1.000000 1.000000 1.000000
2853.883301 0.000000 2261.872559 0.000000 0.040629 0.000000 0.999174 1.000000 1.000000 1.000000
2851.000732 0.000000 2260.091064 0.000000 0.957389 0.000000 -0.288802 1.037303 1.037303 1.037303
2845.154297 0.000000 2285.170166 0.000000 0.341582 0.000000 -0.939852 1.000000 1.000000 1.000000
2848.621094 0.000000 2274.536865 0.000000 0.345746 0.000000 -0.938328 1.000000 1.000000 1.000000
2858.586670 0.000000 2277.031738 0.000000 0.799139 0.000000 0.601146 1.000000 1.000000 1.000000
2768.980225 0.000000 2373.480957 0.000000 0.498214 0.000000 0.867054 1.000000 1.000000 1.000000
3296.348877 0.000000 2183.396973 0.000000 0.751991 0.000000 -0.659173 1.000000 1.000000 1.000000
3581.064453 0.000000 2189.193604 0.000000 0.436401 0.000000 -0.899752 1.000000 1.000000 1.000000
3577.122559 0.000000 2184.775879 0.000000 0.830625 0.000000 -0.556832 1.000000 1.000000 1.000000
3577.620850 0.000000 2186.829102 0.000000 0.676896 0.000000 0.736079 1.000000 1.000000 1.000000
3579.501709 0.000000 2188.054932 0.000000 0.999779 0.000000 0.021003 1.000000 1.000000 1.000000
3578.816650 0.000000 2187.062256 0.000000 0.143337 0.000000 -0.989674 1.181687 1.181687 1.181687
3586.244629 0.000000 2171.275635 0.000000 0.167028 0.000000 -0.985952 1.000000 1.000000 1.000000
3587.945557 0.000000 2169.371094 0.000000 0.683521 0.000000 0.729931 1.000000 1.000000 1.000000
"}
object={
	name="oak_tree_generator_2_1"
	clamp_to_water_level=no
	render_under_water=no
	generated_content=yes
	layer="oak_tree_layer"
	pdxmesh="tree_oak_2_variation_1_mesh"
	count=287
	transform="1951.908569 0.000000 1390.915161 0.000000 0.992276 0.000000 -0.124047 1.000000 1.000000 1.000000
2215.120117 0.000000 1100.953979 0.000000 0.497147 0.000000 -0.867666 1.000000 1.000000 1.000000
2215.833496 0.000000 1492.734863 0.000000 0.995709 0.000000 0.092534 0.988201 0.988201 0.988201
2539.916992 0.000000 1706.669189 0.000000 0.946048 0.000000 -0.324025 1.000000 1.000000 1.000000
2550.641602 0.000000 1708.443604 0.000000 0.065215 0.000000 0.997871 0.808309 0.808309 0.808309
2539.505615 0.000000 1708.339844 0.000000 0.908240 0.000000 -0.418449 1.000000 1.000000 1.000000
2539.271973 0.000000 1709.807007 0.000000 0.616678 0.000000 0.787215 1.000000 1.000000 1.000000
2784.989502 0.000000 1656.497314 0.000000 0.207138 0.000000 -0.978312 1.000000 1.000000 1.000000
2786.905762 0.000000 1656.189331 0.000000 0.995793 0.000000 0.091631 1.000000 1.000000 1.000000
2562.661865 0.000000 1697.758179 0.000000 0.958252 0.000000 0.285924 1.000000 1.000000 1.000000
2655.618408 0.000000 1720.937256 0.000000 0.323921 0.000000 -0.946084 1.158000 1.158000 1.158000
2646.649170 0.000000 1726.485352 0.000000 0.662446 0.000000 -0.749110 1.000000 1.000000 1.000000
2655.807373 0.000000 1721.652100 0.000000 0.999953 0.000000 -0.009725 1.001238 1.001238 1.001238
2643.242188 0.000000 1744.013184 0.000000 0.997261 0.000000 0.073968 1.000000 1.000000 1.000000
2655.488525 0.000000 1731.482422 0.000000 0.499594 0.000000 -0.866260 1.000000 1.000000 1.000000
2640.995850 0.000000 1733.637329 0.000000 0.762378 0.000000 0.647132 1.000000 1.000000 1.000000
2647.792236 0.000000 1735.218628 0.000000 0.862677 0.000000 -0.505756 1.067515 1.067515 1.067515
2652.502197 0.000000 1744.724731 0.000000 0.264515 0.000000 0.964382 1.000000 1.000000 1.000000
2644.293457 0.000000 1728.901978 0.000000 0.224572 0.000000 -0.974458 1.000000 1.000000 1.000000
2647.362061 0.000000 1730.585815 0.000000 0.972541 0.000000 -0.232730 1.000000 1.000000 1.000000
2650.184326 0.000000 1743.484863 0.000000 0.269695 0.000000 0.962946 1.000000 1.000000 1.000000
2641.947510 0.000000 1735.918091 0.000000 0.328313 0.000000 -0.944569 1.000000 1.000000 1.000000
2651.616699 0.000000 1733.015503 0.000000 0.015551 0.000000 -0.999879 1.000000 1.000000 1.000000
2643.536621 0.000000 1746.086182 0.000000 0.397477 0.000000 -0.917612 1.000000 1.000000 1.000000
2645.862305 0.000000 1744.051392 0.000000 0.534823 0.000000 0.844964 0.871849 0.871849 0.871849
2652.945312 0.000000 1736.898926 0.000000 0.702662 0.000000 0.711523 1.000000 1.000000 1.000000
2643.162354 0.000000 1742.068726 0.000000 0.946026 0.000000 -0.324091 1.042023 1.042023 1.042023
2645.946777 0.000000 1729.468384 0.000000 0.760796 0.000000 0.648991 1.000000 1.000000 1.000000
2649.101562 0.000000 1734.041748 0.000000 0.594062 0.000000 -0.804419 1.000000 1.000000 1.000000
2651.500488 0.000000 1736.347900 0.000000 0.397890 0.000000 -0.917433 1.000000 1.000000 1.000000
2644.527832 0.000000 1744.874878 0.000000 0.960533 0.000000 0.278166 0.964109 0.964109 0.964109
2645.487305 0.000000 1739.559326 0.000000 0.776268 0.000000 0.630403 0.913156 0.913156 0.913156
2643.166016 0.000000 1736.562256 0.000000 0.027205 0.000000 -0.999630 1.196536 1.196536 1.196536
2642.952393 0.000000 1740.762085 0.000000 0.901641 0.000000 -0.432484 1.056945 1.056945 1.056945
2644.513916 0.000000 1734.578003 0.000000 0.305982 0.000000 -0.952037 1.160406 1.160406 1.160406
2650.281494 0.000000 1736.157715 0.000000 0.347450 0.000000 0.937698 1.000000 1.000000 1.000000
2644.204102 0.000000 1741.351562 0.000000 0.547076 0.000000 0.837083 0.873704 0.873704 0.873704
2654.837402 0.000000 1732.500122 0.000000 0.923691 0.000000 0.383138 1.000000 1.000000 1.000000
2642.567627 0.000000 1743.061035 0.000000 0.761970 0.000000 0.647613 0.910307 0.910307 0.910307
2643.913086 0.000000 1742.779785 0.000000 0.930197 0.000000 0.367062 0.952146 0.952146 0.952146
2645.358887 0.000000 1743.353394 0.000000 0.064935 0.000000 0.997890 0.808274 0.808274 0.808274
2657.808105 0.000000 1733.161377 0.000000 0.887616 0.000000 0.460584 1.000000 1.000000 1.000000
2994.239258 0.000000 1558.583862 0.000000 0.419175 0.000000 -0.907906 1.000000 1.000000 1.000000
2667.901367 0.000000 1802.645752 0.000000 0.016648 0.000000 -0.999861 1.000000 1.000000 1.000000
2777.713379 0.000000 1793.921875 0.000000 0.985500 0.000000 0.169673 1.000000 1.000000 1.000000
2835.409424 0.000000 1957.649292 0.000000 0.961564 0.000000 0.274580 1.000000 1.000000 1.000000
2835.109131 0.000000 1956.028076 0.000000 0.736915 0.000000 -0.675986 1.000000 1.000000 1.000000
2862.031006 0.000000 1992.431641 0.000000 0.887719 0.000000 0.460385 0.939085 0.939085 0.939085
2865.474121 0.000000 2035.032104 0.000000 0.991824 0.000000 -0.127617 1.016293 1.016293 1.016293
2870.080566 0.000000 2044.338135 0.000000 0.120843 0.000000 -0.992672 1.000000 1.000000 1.000000
2871.046387 0.000000 2042.995972 0.000000 0.991016 0.000000 -0.133743 1.000000 1.000000 1.000000
2869.785889 0.000000 2040.326050 0.000000 0.158242 0.000000 0.987400 1.000000 1.000000 1.000000
3442.184570 0.000000 1782.529175 0.000000 0.859457 0.000000 -0.511207 1.000000 1.000000 1.000000
3443.965820 0.000000 1780.065186 0.000000 0.494217 0.000000 -0.869339 1.000000 1.000000 1.000000
3444.790039 0.000000 1783.284424 0.000000 0.696299 0.000000 0.717752 1.000000 1.000000 1.000000
3443.012939 0.000000 1784.189819 0.000000 0.532043 0.000000 0.846718 1.000000 1.000000 1.000000
3443.453857 0.000000 1782.944092 0.000000 0.223391 0.000000 -0.974729 1.000000 1.000000 1.000000
3463.603271 0.000000 1768.467529 0.000000 0.877690 0.000000 0.479228 1.000000 1.000000 1.000000
3462.967773 0.000000 1772.789917 0.000000 0.674629 0.000000 -0.738157 1.000000 1.000000 1.000000
3462.001221 0.000000 1770.454468 0.000000 0.058754 0.000000 0.998273 1.000000 1.000000 1.000000
3223.195557 0.000000 1838.590820 0.000000 0.533073 0.000000 0.846069 1.000000 1.000000 1.000000
3221.465332 0.000000 1834.041992 0.000000 0.747544 0.000000 -0.664212 1.000000 1.000000 1.000000
3222.559570 0.000000 1836.412354 0.000000 0.043851 0.000000 0.999038 1.000000 1.000000 1.000000
3243.018555 0.000000 1849.118164 0.000000 0.255526 0.000000 0.966802 1.000000 1.000000 1.000000
3249.888672 0.000000 1852.104370 0.000000 0.541236 0.000000 0.840870 1.000000 1.000000 1.000000
3235.343506 0.000000 1845.140869 0.000000 0.455406 0.000000 0.890284 1.000000 1.000000 1.000000
3247.125732 0.000000 1852.572632 0.000000 0.732846 0.000000 -0.680395 1.000000 1.000000 1.000000
3243.059570 0.000000 1856.727295 0.000000 0.991534 0.000000 -0.129846 1.000000 1.000000 1.000000
3289.593018 0.000000 1906.018066 0.000000 0.999909 0.000000 -0.013508 1.001720 1.001720 1.001720
3289.387695 0.000000 1892.366455 0.000000 0.832840 0.000000 0.553513 1.000000 1.000000 1.000000
3285.916260 0.000000 1905.867432 0.000000 0.864342 0.000000 -0.502904 1.000000 1.000000 1.000000
3287.714111 0.000000 1895.179565 0.000000 0.005679 0.000000 -0.999984 1.199277 1.199277 1.199277
3282.969727 0.000000 1898.006714 0.000000 0.999877 0.000000 -0.015663 1.000000 1.000000 1.000000
3286.551758 0.000000 1900.396729 0.000000 0.668189 0.000000 -0.743991 1.106828 1.106828 1.106828
3289.888672 0.000000 1912.564453 0.000000 0.927052 0.000000 0.374932 1.000000 1.000000 1.000000
3287.435303 0.000000 1907.115112 0.000000 0.590231 0.000000 -0.807235 1.119615 1.119615 1.119615
3286.213623 0.000000 1896.290039 0.000000 0.993961 0.000000 -0.109731 1.014000 1.014000 1.014000
3285.770264 0.000000 1907.630737 0.000000 0.669905 0.000000 -0.742447 1.000000 1.000000 1.000000
3288.359375 0.000000 1900.207764 0.000000 0.161671 0.000000 0.986845 1.000000 1.000000 1.000000
3284.449707 0.000000 1904.835815 0.000000 0.740478 0.000000 -0.672080 1.000000 1.000000 1.000000
3287.564209 0.000000 1896.996582 0.000000 0.700864 0.000000 0.713295 0.898881 0.898881 0.898881
3283.143799 0.000000 1895.071411 0.000000 0.976746 0.000000 -0.214400 1.000000 1.000000 1.000000
3285.409180 0.000000 1899.520264 0.000000 0.491453 0.000000 -0.870904 1.134586 1.134586 1.134586
3288.583252 0.000000 1903.421021 0.000000 0.991761 0.000000 -0.128104 1.000000 1.000000 1.000000
3284.667480 0.000000 1906.710693 0.000000 0.929271 0.000000 0.369399 1.000000 1.000000 1.000000
3282.104492 0.000000 1894.236206 0.000000 0.257024 0.000000 0.966405 1.000000 1.000000 1.000000
3284.160889 0.000000 1897.320923 0.000000 0.837468 0.000000 0.546486 0.926386 0.926386 0.926386
3289.318359 0.000000 1911.330078 0.000000 0.807694 0.000000 -0.589602 1.000000 1.000000 1.000000
3289.214844 0.000000 1904.571167 0.000000 0.323483 0.000000 -0.946234 1.000000 1.000000 1.000000
3287.679688 0.000000 1893.949097 0.000000 0.675068 0.000000 -0.737756 1.105646 1.105646 1.105646
3284.125977 0.000000 1901.312500 0.000000 0.361911 0.000000 0.932212 0.847150 0.847150 0.847150
3288.726074 0.000000 1897.928345 0.000000 0.581458 0.000000 -0.813577 1.120993 1.120993 1.120993
3285.105469 0.000000 1896.723633 0.000000 0.018233 0.000000 -0.999834 1.197678 1.197678 1.197678
3288.283936 0.000000 1896.198608 0.000000 0.875090 0.000000 0.483961 0.935679 0.935679 0.935679
3289.401367 0.000000 1899.936035 0.000000 0.321909 0.000000 -0.946771 1.158270 1.158270 1.158270
3288.585449 0.000000 1899.158081 0.000000 0.767370 0.000000 0.641204 0.911374 0.911374 0.911374
3287.190186 0.000000 1896.070435 0.000000 0.201651 0.000000 -0.979457 1.174148 1.174148 1.174148
3304.183838 0.000000 1903.363281 0.000000 0.160083 0.000000 0.987104 1.000000 1.000000 1.000000
3304.513184 0.000000 1898.733032 0.000000 0.166241 0.000000 0.986085 1.000000 1.000000 1.000000
3222.037598 0.000000 1980.353760 0.000000 0.069557 0.000000 0.997578 0.808863 0.808863 0.808863
3227.777344 0.000000 1980.598022 0.000000 0.997269 0.000000 0.073854 0.990588 0.990588 0.990588
3222.578857 0.000000 1982.422852 0.000000 0.156849 0.000000 0.987623 0.820053 0.820053 0.820053
3225.979736 0.000000 1982.844727 0.000000 0.027442 0.000000 -0.999623 1.196505 1.196505 1.196505
3222.633301 0.000000 1981.348877 0.000000 0.018960 0.000000 -0.999820 1.197586 1.197586 1.197586
3225.024170 0.000000 1983.066406 0.000000 0.357309 0.000000 0.933986 0.846522 0.846522 0.846522
3266.897217 0.000000 1934.324219 0.000000 0.440147 0.000000 0.897926 1.000000 1.000000 1.000000
3284.045166 0.000000 1932.060059 0.000000 0.975925 0.000000 -0.218107 1.000000 1.000000 1.000000
3264.730957 0.000000 1937.316772 0.000000 0.959512 0.000000 0.281667 1.000000 1.000000 1.000000
3274.951416 0.000000 1946.880005 0.000000 0.769259 0.000000 0.638937 1.000000 1.000000 1.000000
3275.046143 0.000000 1948.156128 0.000000 0.853084 0.000000 -0.521773 1.069892 1.069892 1.069892
3321.138672 0.000000 1946.951294 0.000000 0.312603 0.000000 -0.949884 1.000000 1.000000 1.000000
3286.587158 0.000000 1977.479858 0.000000 0.368276 0.000000 0.929717 1.000000 1.000000 1.000000
3295.427734 0.000000 1968.930542 0.000000 0.736147 0.000000 -0.676822 1.000000 1.000000 1.000000
3289.142578 0.000000 1978.943481 0.000000 0.219336 0.000000 -0.975649 1.000000 1.000000 1.000000
3289.888672 0.000000 1976.548828 0.000000 0.889705 0.000000 0.456536 1.000000 1.000000 1.000000
3288.413818 0.000000 1977.339966 0.000000 0.342474 0.000000 0.939527 1.000000 1.000000 1.000000
3296.727051 0.000000 1969.308960 0.000000 0.806646 0.000000 -0.591035 1.000000 1.000000 1.000000
3321.019531 0.000000 1957.987061 0.000000 0.498635 0.000000 -0.866812 1.000000 1.000000 1.000000
3296.015381 0.000000 1968.144531 0.000000 0.999563 0.000000 -0.029547 1.000000 1.000000 1.000000
3227.136230 0.000000 1983.891724 0.000000 0.996906 0.000000 0.078598 0.989982 0.989982 0.989982
3222.594971 0.000000 2009.472046 0.000000 0.949910 0.000000 -0.312524 1.040470 1.040470 1.040470
3222.632568 0.000000 2005.136108 0.000000 0.670051 0.000000 -0.742315 1.106509 1.106509 1.106509
3205.302246 0.000000 2013.864380 0.000000 0.971587 0.000000 -0.236683 1.000000 1.000000 1.000000
3217.431152 0.000000 2003.039917 0.000000 0.878843 0.000000 0.477110 1.000000 1.000000 1.000000
3214.089111 0.000000 2007.427246 0.000000 0.312919 0.000000 -0.949780 1.000000 1.000000 1.000000
3200.938721 0.000000 2008.411377 0.000000 0.167041 0.000000 0.985950 1.000000 1.000000 1.000000
3228.288574 0.000000 1986.853271 0.000000 0.312317 0.000000 -0.949978 1.000000 1.000000 1.000000
3228.431885 0.000000 2000.662231 0.000000 0.808536 0.000000 -0.588446 1.000000 1.000000 1.000000
3202.396484 0.000000 2014.592651 0.000000 0.773918 0.000000 0.633286 1.000000 1.000000 1.000000
3212.468262 0.000000 2011.833130 0.000000 0.949516 0.000000 -0.313720 1.000000 1.000000 1.000000
3226.114014 0.000000 1999.422363 0.000000 0.993109 0.000000 -0.117198 1.014956 1.014956 1.014956
3215.778809 0.000000 2005.494141 0.000000 0.923559 0.000000 0.383456 1.000000 1.000000 1.000000
3223.998047 0.000000 2007.356201 0.000000 0.744329 0.000000 -0.667813 1.093108 1.093108 1.093108
3208.587402 0.000000 2008.445068 0.000000 0.691989 0.000000 0.721908 1.000000 1.000000 1.000000
3222.559570 0.000000 1996.373291 0.000000 0.769442 0.000000 0.638717 1.000000 1.000000 1.000000
3227.546387 0.000000 1988.953003 0.000000 0.669807 0.000000 -0.742535 1.106551 1.106551 1.106551
3229.540771 0.000000 1988.396118 0.000000 0.044393 0.000000 0.999014 1.000000 1.000000 1.000000
3218.274658 0.000000 2004.643433 0.000000 0.971524 0.000000 -0.236943 1.030458 1.030458 1.030458
3224.367188 0.000000 1996.184326 0.000000 0.300312 0.000000 -0.953841 1.161164 1.161164 1.161164
3213.310547 0.000000 1993.951660 0.000000 0.659134 0.000000 -0.752025 1.000000 1.000000 1.000000
3223.772461 0.000000 1985.078979 0.000000 0.770864 0.000000 0.637000 0.912070 0.912070 0.912070
3226.478760 0.000000 2004.710938 0.000000 0.764674 0.000000 0.644418 1.000000 1.000000 1.000000
3224.678711 0.000000 1986.997925 0.000000 0.794612 0.000000 -0.607118 1.083070 1.083070 1.083070
3227.866455 0.000000 1990.447998 0.000000 0.997556 0.000000 0.069877 0.991096 0.991096 0.991096
3224.591064 0.000000 1999.397583 0.000000 0.811933 0.000000 -0.583751 1.079366 1.079366 1.079366
3214.454102 0.000000 2005.172974 0.000000 0.627323 0.000000 0.778759 1.000000 1.000000 1.000000
3229.011719 0.000000 1989.643433 0.000000 0.820705 0.000000 0.571352 1.000000 1.000000 1.000000
3225.222656 0.000000 2000.547729 0.000000 0.807681 0.000000 -0.589620 1.080289 1.080289 1.080289
3226.211182 0.000000 1992.095215 0.000000 0.950396 0.000000 -0.311043 1.040271 1.040271 1.040271
3228.347900 0.000000 1994.018921 0.000000 0.583112 0.000000 -0.812392 1.120734 1.120734 1.120734
3223.051025 0.000000 2002.017212 0.000000 0.363077 0.000000 0.931759 0.847309 0.847309 0.847309
3225.585693 0.000000 2005.395386 0.000000 0.942233 0.000000 -0.334959 1.043489 1.043489 1.043489
3223.989990 0.000000 1983.638672 0.000000 0.803362 0.000000 -0.595491 1.081217 1.081217 1.081217
3224.948975 0.000000 1985.108887 0.000000 0.909724 0.000000 -0.415213 1.054517 1.054517 1.054517
3227.293701 0.000000 1991.323730 0.000000 0.694343 0.000000 0.719644 0.897722 0.897722 0.897722
3225.421387 0.000000 1998.745850 0.000000 0.581580 0.000000 -0.813490 1.120974 1.120974 1.120974
3227.506592 0.000000 2001.084839 0.000000 0.881200 0.000000 0.472743 0.937306 0.937306 0.937306
3254.591064 0.000000 2009.472046 0.000000 0.765524 0.000000 0.643408 1.000000 1.000000 1.000000
3251.036377 0.000000 2008.135132 0.000000 0.910427 0.000000 -0.413669 1.000000 1.000000 1.000000
3248.596924 0.000000 2006.952026 0.000000 0.305535 0.000000 -0.952181 1.000000 1.000000 1.000000
3231.668701 0.000000 1992.975586 0.000000 0.112085 0.000000 -0.993699 1.000000 1.000000 1.000000
3251.477295 0.000000 2006.889404 0.000000 0.862652 0.000000 -0.505798 1.067521 1.067521 1.067521
3250.604980 0.000000 2007.309082 0.000000 0.704388 0.000000 0.709815 0.899511 0.899511 0.899511
3271.626709 0.000000 1992.412842 0.000000 0.905250 0.000000 -0.424879 1.000000 1.000000 1.000000
3267.974365 0.000000 1987.472778 0.000000 0.529478 0.000000 0.848324 1.000000 1.000000 1.000000
3267.652832 0.000000 1989.190796 0.000000 0.908119 0.000000 -0.418712 1.000000 1.000000 1.000000
3266.638672 0.000000 1990.331543 0.000000 0.549148 0.000000 0.835725 1.000000 1.000000 1.000000
3269.425049 0.000000 1989.741577 0.000000 0.349571 0.000000 0.936910 1.000000 1.000000 1.000000
3295.661621 0.000000 2013.676514 0.000000 0.049360 0.000000 0.998781 1.000000 1.000000 1.000000
3291.128418 0.000000 2015.883911 0.000000 0.150280 0.000000 0.988643 1.000000 1.000000 1.000000
1974.784790 0.000000 2101.112793 0.000000 0.587552 0.000000 -0.809187 1.000000 1.000000 1.000000
1978.149292 0.000000 2092.805176 0.000000 0.423889 0.000000 -0.905714 1.000000 1.000000 1.000000
2000.342163 0.000000 2109.540771 0.000000 0.742555 0.000000 -0.669785 1.000000 1.000000 1.000000
2002.040771 0.000000 2108.041992 0.000000 0.999940 0.000000 -0.010984 1.000000 1.000000 1.000000
1982.085571 0.000000 2160.350830 0.000000 0.862382 0.000000 -0.506257 1.067589 1.067589 1.067589
1960.518311 0.000000 2189.428955 0.000000 0.962892 0.000000 0.269887 0.965205 0.965205 0.965205
1960.699219 0.000000 2188.066650 0.000000 0.905776 0.000000 -0.423758 1.055716 1.055716 1.055716
1986.544678 0.000000 2206.545898 0.000000 0.026896 0.000000 -0.999638 1.000000 1.000000 1.000000
2003.320068 0.000000 2175.500000 0.000000 0.810468 0.000000 -0.585783 1.000000 1.000000 1.000000
2005.445557 0.000000 2175.547607 0.000000 0.589432 0.000000 -0.807818 1.119741 1.119741 1.119741
2004.344238 0.000000 2175.637207 0.000000 0.886596 0.000000 0.462545 0.938775 0.938775 0.938775
2047.579834 0.000000 2192.875732 0.000000 0.408577 0.000000 -0.912724 1.000000 1.000000 1.000000
2031.273926 0.000000 2204.486816 0.000000 0.222874 0.000000 -0.974847 1.000000 1.000000 1.000000
2002.360352 0.000000 2262.411865 0.000000 0.145808 0.000000 0.989313 1.000000 1.000000 1.000000
2003.601807 0.000000 2269.963379 0.000000 0.866016 0.000000 -0.500016 1.000000 1.000000 1.000000
2009.147339 0.000000 2269.782715 0.000000 0.399883 0.000000 -0.916566 1.000000 1.000000 1.000000
2014.515625 0.000000 2269.826904 0.000000 0.760768 0.000000 0.649024 1.000000 1.000000 1.000000
2003.053711 0.000000 2265.891357 0.000000 0.324912 0.000000 -0.945744 1.000000 1.000000 1.000000
2014.278320 0.000000 2267.067871 0.000000 0.153840 0.000000 0.988096 0.819666 0.819666 0.819666
2009.199341 0.000000 2260.183594 0.000000 0.268992 0.000000 0.963142 0.834676 0.834676 0.834676
2010.044800 0.000000 2264.478516 0.000000 0.860564 0.000000 -0.509342 1.068045 1.068045 1.068045
2013.798950 0.000000 2265.092285 0.000000 0.550441 0.000000 0.834874 0.874216 0.874216 0.874216
2008.569946 0.000000 2265.269531 0.000000 0.878726 0.000000 0.477326 1.000000 1.000000 1.000000
2005.214722 0.000000 2269.684082 0.000000 0.999308 0.000000 -0.037208 1.000000 1.000000 1.000000
2006.563843 0.000000 2262.946777 0.000000 0.798969 0.000000 -0.601372 1.082152 1.082152 1.082152
2007.151733 0.000000 2266.941406 0.000000 0.579727 0.000000 -0.814811 1.121264 1.121264 1.121264
2012.671265 0.000000 2267.174805 0.000000 0.958959 0.000000 0.283544 0.963396 0.963396 0.963396
2012.968018 0.000000 2269.916748 0.000000 0.498660 0.000000 -0.866798 1.000000 1.000000 1.000000
2005.891357 0.000000 2264.271484 0.000000 0.729462 0.000000 -0.684021 1.095908 1.095908 1.095908
2004.557373 0.000000 2264.598389 0.000000 0.835075 0.000000 0.550136 0.925830 0.925830 0.925830
2015.049194 0.000000 2266.036865 0.000000 0.628897 0.000000 0.777488 0.886597 0.886597 0.886597
2012.689331 0.000000 2264.441162 0.000000 0.808904 0.000000 -0.587941 1.080025 1.080025 1.080025
2007.839844 0.000000 2260.293213 0.000000 0.735367 0.000000 -0.677669 1.094804 1.094804 1.094804
2007.233032 0.000000 2264.195068 0.000000 0.734471 0.000000 -0.678640 1.094972 1.094972 1.094972
2011.229858 0.000000 2264.780029 0.000000 0.143262 0.000000 0.989685 0.818304 0.818304 0.818304
2004.011475 0.000000 2266.568115 0.000000 0.055236 0.000000 0.998473 0.807037 0.807037 0.807037
2011.520386 0.000000 2262.501465 0.000000 0.992835 0.000000 -0.119494 1.015251 1.015251 1.015251
2010.192139 0.000000 2267.497070 0.000000 0.735200 0.000000 -0.677850 1.094835 1.094835 1.094835
2015.161499 0.000000 2267.537354 0.000000 0.813393 0.000000 -0.581714 1.079047 1.079047 1.079047
2011.206909 0.000000 2265.902588 0.000000 0.027721 0.000000 -0.999616 1.196470 1.196470 1.196470
2024.431763 0.000000 2261.929443 0.000000 0.352578 0.000000 0.935782 1.000000 1.000000 1.000000
2038.739380 0.000000 2265.409424 0.000000 0.008777 0.000000 -0.999961 1.198882 1.198882 1.198882
2029.913208 0.000000 2259.919922 0.000000 0.150339 0.000000 0.988635 0.819215 0.819215 0.819215
2027.166992 0.000000 2265.016602 0.000000 0.995620 0.000000 0.093494 0.988079 0.988079 0.988079
2029.503418 0.000000 2271.120117 0.000000 0.825339 0.000000 0.564637 0.923606 0.923606 0.923606
2026.188965 0.000000 2258.767090 0.000000 0.957302 0.000000 0.289091 0.962659 0.962659 0.962659
2027.516357 0.000000 2261.807129 0.000000 0.992961 0.000000 -0.118444 1.015116 1.015116 1.015116
2036.961670 0.000000 2263.167236 0.000000 0.997392 0.000000 0.072174 1.000000 1.000000 1.000000
2031.923096 0.000000 2261.431641 0.000000 0.670331 0.000000 -0.742063 1.000000 1.000000 1.000000
2025.338501 0.000000 2266.762207 0.000000 0.594787 0.000000 -0.803884 1.118895 1.118895 1.118895
2022.643311 0.000000 2263.509277 0.000000 0.879697 0.000000 0.475534 1.000000 1.000000 1.000000
2029.230103 0.000000 2265.331299 0.000000 0.267818 0.000000 0.963470 1.000000 1.000000 1.000000
2027.966064 0.000000 2259.599609 0.000000 0.990914 0.000000 -0.134497 1.017177 1.017177 1.017177
2017.570312 0.000000 2268.951660 0.000000 0.992094 0.000000 -0.125501 1.000000 1.000000 1.000000
2035.184814 0.000000 2264.072754 0.000000 0.171291 0.000000 0.985220 1.000000 1.000000 1.000000
2040.056519 0.000000 2268.197510 0.000000 0.941988 0.000000 -0.335647 1.043582 1.043582 1.043582
2022.449097 0.000000 2267.729004 0.000000 0.674000 0.000000 -0.738731 1.105830 1.105830 1.105830
2024.049316 0.000000 2265.680176 0.000000 0.705072 0.000000 0.709136 0.899634 0.899634 0.899634
2027.332031 0.000000 2256.806396 0.000000 0.922243 0.000000 0.386611 0.949458 0.949458 0.949458
2023.856323 0.000000 2267.135010 0.000000 0.882289 0.000000 0.470709 0.937599 0.937599 0.937599
2021.797852 0.000000 2271.288574 0.000000 0.211208 0.000000 -0.977441 1.172904 1.172904 1.172904
2030.098755 0.000000 2254.017090 0.000000 0.993826 0.000000 -0.110952 1.000000 1.000000 1.000000
2025.809082 0.000000 2265.245605 0.000000 0.973975 0.000000 -0.226656 1.029112 1.029112 1.029112
2028.773926 0.000000 2260.642578 0.000000 0.927826 0.000000 0.373012 0.951330 0.951330 0.951330
2039.804565 0.000000 2269.646484 0.000000 0.229218 0.000000 -0.973375 1.000000 1.000000 1.000000
2039.229126 0.000000 2264.195068 0.000000 0.124538 0.000000 -0.992215 1.184102 1.184102 1.184102
2027.407715 0.000000 2258.399902 0.000000 0.402710 0.000000 -0.915327 1.147227 1.147227 1.147227
2027.198242 0.000000 2268.077881 0.000000 0.423117 0.000000 -0.906075 1.000000 1.000000 1.000000
2025.138916 0.000000 2263.080566 0.000000 0.352669 0.000000 0.935748 0.845890 0.845890 0.845890
2019.505249 0.000000 2267.839355 0.000000 0.414077 0.000000 -0.910242 1.145642 1.145642 1.145642
2029.044678 0.000000 2259.066162 0.000000 0.962559 0.000000 0.271073 0.965049 0.965049 0.965049
2017.348633 0.000000 2267.631836 0.000000 0.160065 0.000000 0.987106 0.820468 0.820468 0.820468
2026.530762 0.000000 2257.673096 0.000000 0.902857 0.000000 -0.429941 1.056586 1.056586 1.056586
2025.799927 0.000000 2264.153076 0.000000 0.580380 0.000000 -0.814346 1.121162 1.121162 1.121162
2026.610352 0.000000 2265.911621 0.000000 0.858026 0.000000 -0.513607 1.068676 1.068676 1.068676
2026.573486 0.000000 2261.414551 0.000000 0.983701 0.000000 0.179812 0.976980 0.976980 0.976980
2023.824585 0.000000 2264.166260 0.000000 0.322464 0.000000 -0.946582 1.158196 1.158196 1.158196
2028.386841 0.000000 2261.469971 0.000000 0.977369 0.000000 -0.211541 1.027139 1.027139 1.027139
2029.394287 0.000000 2257.585449 0.000000 0.975141 0.000000 -0.221584 1.028449 1.028449 1.028449
2024.307007 0.000000 2267.894775 0.000000 0.863798 0.000000 -0.503837 1.067232 1.067232 1.067232
2024.457031 0.000000 2266.504150 0.000000 0.446047 0.000000 0.895010 0.858867 0.858867 0.858867
2026.792847 0.000000 2262.244385 0.000000 0.922799 0.000000 0.385282 0.949642 0.949642 0.949642
2011.284546 0.000000 2271.821533 0.000000 0.800961 0.000000 -0.598717 1.000000 1.000000 1.000000
2004.201416 0.000000 2283.974121 0.000000 0.441202 0.000000 0.897408 1.000000 1.000000 1.000000
2012.436768 0.000000 2274.782959 0.000000 0.676848 0.000000 -0.736123 1.000000 1.000000 1.000000
2012.742432 0.000000 2272.835449 0.000000 0.489307 0.000000 -0.872112 1.134900 1.134900 1.134900
2011.374023 0.000000 2273.635254 0.000000 0.117455 0.000000 -0.993078 1.000000 1.000000 1.000000
2005.565308 0.000000 2283.426514 0.000000 0.622849 0.000000 0.782342 1.000000 1.000000 1.000000
2008.165039 0.000000 2275.994141 0.000000 0.875686 0.000000 0.482880 0.935836 0.935836 0.935836
2010.266968 0.000000 2272.569824 0.000000 0.997738 0.000000 0.067221 1.000000 1.000000 1.000000
2011.531982 0.000000 2274.535889 0.000000 0.368073 0.000000 0.929797 0.847993 0.847993 0.847993
2023.580322 0.000000 2271.515137 0.000000 0.992563 0.000000 -0.121735 1.015538 1.015538 1.015538
2020.126587 0.000000 2275.402344 0.000000 0.130328 0.000000 -0.991471 1.000000 1.000000 1.000000
2025.143677 0.000000 2275.859131 0.000000 0.945920 0.000000 -0.324400 1.000000 1.000000 1.000000
2018.026123 0.000000 2271.607666 0.000000 0.488860 0.000000 -0.872362 1.000000 1.000000 1.000000
2027.207886 0.000000 2272.625732 0.000000 0.772202 0.000000 0.635378 0.912338 0.912338 0.912338
2020.827881 0.000000 2272.402344 0.000000 0.946377 0.000000 -0.323064 1.041885 1.041885 1.041885
2027.638550 0.000000 2274.912109 0.000000 0.801643 0.000000 -0.597803 1.000000 1.000000 1.000000
2018.728027 0.000000 2273.617676 0.000000 0.809718 0.000000 -0.586819 1.000000 1.000000 1.000000
2025.553589 0.000000 2271.508545 0.000000 0.929710 0.000000 0.368292 0.951977 0.951977 0.951977
2015.797241 0.000000 2273.116455 0.000000 0.888189 0.000000 0.459478 1.000000 1.000000 1.000000
2038.683472 0.000000 2282.842041 0.000000 0.971850 0.000000 -0.235602 1.000000 1.000000 1.000000
2025.979614 0.000000 2272.802979 0.000000 0.164920 0.000000 0.986307 0.821095 0.821095 0.821095
2024.711060 0.000000 2272.367188 0.000000 0.822341 0.000000 0.568995 0.922933 0.922933 0.922933
2027.031982 0.000000 2273.806885 0.000000 0.629370 0.000000 0.777106 0.886675 0.886675 0.886675
2029.790649 0.000000 2271.505859 0.000000 0.806041 0.000000 -0.591860 1.080642 1.080642 1.080642
2024.491943 0.000000 2271.485596 0.000000 0.541884 0.000000 0.840454 0.872915 0.872915 0.872915
2022.268311 0.000000 2273.610107 0.000000 0.961376 0.000000 0.275239 0.964497 0.964497 0.964497
2054.613770 0.000000 2202.086426 0.000000 0.761472 0.000000 0.648198 1.000000 1.000000 1.000000
2057.334717 0.000000 2202.777832 0.000000 0.972087 0.000000 -0.234622 1.000000 1.000000 1.000000
2055.852539 0.000000 2203.150635 0.000000 0.948008 0.000000 -0.318247 1.000000 1.000000 1.000000
2851.653564 0.000000 2261.963135 0.000000 0.832252 0.000000 0.554398 0.925179 0.925179 0.925179
2791.486816 0.000000 2367.491699 0.000000 0.112708 0.000000 -0.993628 1.000000 1.000000 1.000000
3277.785400 0.000000 2147.308838 0.000000 0.273072 0.000000 0.961994 1.000000 1.000000 1.000000
3579.147217 0.000000 2185.851807 0.000000 0.453512 0.000000 0.891250 1.000000 1.000000 1.000000
3580.982422 0.000000 2187.056641 0.000000 0.223667 0.000000 -0.974666 1.000000 1.000000 1.000000
3579.387207 0.000000 2184.238525 0.000000 0.673144 0.000000 -0.739512 1.000000 1.000000 1.000000
"}
object={
	name="oak_tree_generator_2_2"
	clamp_to_water_level=no
	render_under_water=no
	generated_content=yes
	layer="oak_tree_layer"
	pdxmesh="tree_oak_2_variation_2_mesh"
	count=267
	transform="2235.257324 0.000000 1504.008911 0.000000 0.396050 0.000000 0.918229 1.000000 1.000000 1.000000
2233.102539 0.000000 1504.166016 0.000000 0.793993 0.000000 0.607927 1.000000 1.000000 1.000000
2524.374512 0.000000 1474.978271 0.000000 0.295440 0.000000 0.955361 1.000000 1.000000 1.000000
2292.166260 0.000000 1580.145996 0.000000 0.633077 0.000000 -0.774089 1.000000 1.000000 1.000000
2540.823730 0.000000 1709.262817 0.000000 0.989554 0.000000 0.144164 1.000000 1.000000 1.000000
2551.635498 0.000000 1709.334717 0.000000 0.279406 0.000000 0.960173 0.836055 0.836055 0.836055
2550.374268 0.000000 1709.779541 0.000000 0.938944 0.000000 0.344069 0.955278 0.955278 0.955278
2550.022217 0.000000 1722.476318 0.000000 0.177540 0.000000 -0.984114 1.177274 1.177274 1.177274
2782.422119 0.000000 1661.975342 0.000000 0.071111 0.000000 -0.997468 1.000000 1.000000 1.000000
2786.342285 0.000000 1659.400757 0.000000 0.968997 0.000000 0.247074 1.000000 1.000000 1.000000
2785.476562 0.000000 1661.100220 0.000000 0.656162 0.000000 0.754620 1.000000 1.000000 1.000000
2786.134277 0.000000 1657.724487 0.000000 0.180476 0.000000 -0.983579 1.000000 1.000000 1.000000
2560.656250 0.000000 1698.677368 0.000000 0.892935 0.000000 0.450185 1.000000 1.000000 1.000000
2562.280518 0.000000 1699.459595 0.000000 0.071067 0.000000 -0.997472 1.000000 1.000000 1.000000
2643.523926 0.000000 1726.096191 0.000000 0.200622 0.000000 -0.979669 1.000000 1.000000 1.000000
2644.877441 0.000000 1727.540161 0.000000 0.186136 0.000000 0.982524 1.000000 1.000000 1.000000
2653.720947 0.000000 1721.225098 0.000000 0.999086 0.000000 0.042750 1.000000 1.000000 1.000000
2654.971191 0.000000 1722.169800 0.000000 0.987764 0.000000 -0.155954 1.000000 1.000000 1.000000
2657.005127 0.000000 1720.481689 0.000000 0.380415 0.000000 -0.924816 1.000000 1.000000 1.000000
2647.819092 0.000000 1738.549805 0.000000 0.562403 0.000000 0.826863 0.876049 0.876049 0.876049
2653.177734 0.000000 1741.303101 0.000000 0.288168 0.000000 -0.957580 1.000000 1.000000 1.000000
2649.465820 0.000000 1732.405518 0.000000 0.187554 0.000000 -0.982254 1.000000 1.000000 1.000000
2644.123291 0.000000 1740.106934 0.000000 0.967453 0.000000 0.253050 0.967426 0.967426 0.967426
2641.501465 0.000000 1747.102417 0.000000 0.969496 0.000000 -0.245108 1.000000 1.000000 1.000000
2651.260498 0.000000 1737.961182 0.000000 0.563104 0.000000 -0.826386 1.000000 1.000000 1.000000
2650.067383 0.000000 1740.891235 0.000000 0.279120 0.000000 0.960256 1.000000 1.000000 1.000000
2652.358887 0.000000 1730.915771 0.000000 0.369440 0.000000 -0.929255 1.000000 1.000000 1.000000
2654.744141 0.000000 1737.743408 0.000000 0.648665 0.000000 0.761074 1.000000 1.000000 1.000000
2647.122803 0.000000 1732.939331 0.000000 0.840468 0.000000 0.541862 0.927088 0.927088 0.927088
2645.535645 0.000000 1738.065430 0.000000 0.652445 0.000000 0.757836 0.890503 0.890503 0.890503
2643.432861 0.000000 1733.703979 0.000000 0.467704 0.000000 0.883885 1.000000 1.000000 1.000000
2644.989746 0.000000 1742.350464 0.000000 0.999004 0.000000 0.044622 0.994317 0.994317 0.994317
2640.927490 0.000000 1743.864624 0.000000 0.901571 0.000000 0.432631 1.000000 1.000000 1.000000
2649.235840 0.000000 1736.885376 0.000000 0.196925 0.000000 0.980419 1.000000 1.000000 1.000000
2646.291748 0.000000 1736.329102 0.000000 0.284327 0.000000 -0.958727 1.163292 1.163292 1.163292
2645.367676 0.000000 1727.656860 0.000000 0.998411 0.000000 -0.056356 1.000000 1.000000 1.000000
2644.254639 0.000000 1738.712036 0.000000 0.571712 0.000000 -0.820455 1.122512 1.122512 1.122512
2649.147461 0.000000 1735.457397 0.000000 0.183571 0.000000 -0.983006 1.000000 1.000000 1.000000
2653.082031 0.000000 1733.705933 0.000000 0.653905 0.000000 -0.756577 1.000000 1.000000 1.000000
2642.182617 0.000000 1734.275269 0.000000 0.968262 0.000000 -0.249936 1.032164 1.032164 1.032164
2644.239014 0.000000 1737.359985 0.000000 0.786060 0.000000 -0.618150 1.084847 1.084847 1.084847
2644.951904 0.000000 1730.307007 0.000000 0.970467 0.000000 0.241234 0.968979 0.968979 0.968979
2646.609375 0.000000 1738.974976 0.000000 0.564882 0.000000 -0.825172 1.123569 1.123569 1.123569
2647.757812 0.000000 1733.988159 0.000000 0.093986 0.000000 -0.995574 1.188016 1.188016 1.188016
2646.628418 0.000000 1737.671753 0.000000 0.888360 0.000000 -0.459148 1.060738 1.060738 1.060738
2645.183594 0.000000 1736.762695 0.000000 0.968941 0.000000 0.247293 0.968184 0.968184 0.968184
2656.427002 0.000000 1735.506348 0.000000 0.074561 0.000000 0.997216 1.000000 1.000000 1.000000
2656.644531 0.000000 1730.669556 0.000000 0.998353 0.000000 -0.057369 1.000000 1.000000 1.000000
2655.818115 0.000000 1732.580200 0.000000 0.081004 0.000000 -0.996714 1.000000 1.000000 1.000000
2708.863037 0.000000 1667.732788 0.000000 0.096164 0.000000 -0.995366 1.000000 1.000000 1.000000
2710.283936 0.000000 1672.344727 0.000000 0.939193 0.000000 0.343389 1.000000 1.000000 1.000000
2713.093750 0.000000 1670.057373 0.000000 0.195979 0.000000 0.980608 1.000000 1.000000 1.000000
2993.458496 0.000000 1555.149292 0.000000 0.720232 0.000000 0.693733 1.000000 1.000000 1.000000
2666.191895 0.000000 1800.811401 0.000000 0.837477 0.000000 0.546473 1.000000 1.000000 1.000000
2777.036133 0.000000 1792.095703 0.000000 0.649592 0.000000 -0.760283 1.000000 1.000000 1.000000
2701.855713 0.000000 1891.371460 0.000000 0.473534 0.000000 0.880775 1.000000 1.000000 1.000000
2834.076660 0.000000 1956.868042 0.000000 0.371208 0.000000 -0.928550 1.000000 1.000000 1.000000
2864.609863 0.000000 1994.000977 0.000000 0.941645 0.000000 -0.336607 1.000000 1.000000 1.000000
2863.715820 0.000000 1990.230713 0.000000 0.099441 0.000000 0.995043 1.000000 1.000000 1.000000
2862.106445 0.000000 1993.386475 0.000000 0.381575 0.000000 0.924338 0.849847 0.849847 0.849847
2868.860352 0.000000 2039.221924 0.000000 0.720774 0.000000 -0.693170 1.000000 1.000000 1.000000
2868.451904 0.000000 2040.653076 0.000000 0.785231 0.000000 0.619203 1.000000 1.000000 1.000000
2864.513916 0.000000 2034.835815 0.000000 0.842714 0.000000 0.538361 0.927617 0.927617 0.927617
2865.199951 0.000000 2034.075439 0.000000 0.299682 0.000000 -0.954039 1.161248 1.161248 1.161248
3180.464600 0.000000 1381.062622 0.000000 0.997720 0.000000 -0.067488 1.000000 1.000000 1.000000
3267.984619 0.000000 1401.558716 0.000000 0.723714 0.000000 -0.690100 1.096973 1.096973 1.096973
3266.075684 0.000000 1401.786987 0.000000 0.722893 0.000000 0.690960 0.902875 0.902875 0.902875
3266.943848 0.000000 1401.261963 0.000000 0.386001 0.000000 0.922498 0.850458 0.850458 0.850458
3447.970703 0.000000 1783.410889 0.000000 0.840167 0.000000 0.542328 1.000000 1.000000 1.000000
3458.365234 0.000000 1790.647339 0.000000 0.722401 0.000000 -0.691474 1.000000 1.000000 1.000000
3223.748779 0.000000 1834.526367 0.000000 0.897438 0.000000 -0.441141 1.000000 1.000000 1.000000
3242.088623 0.000000 1853.077881 0.000000 0.479822 0.000000 -0.877366 1.000000 1.000000 1.000000
3240.283447 0.000000 1846.031006 0.000000 0.893714 0.000000 0.448637 1.000000 1.000000 1.000000
3246.865234 0.000000 1850.812500 0.000000 0.963948 0.000000 0.266091 1.000000 1.000000 1.000000
3257.391602 0.000000 1828.382080 0.000000 0.793036 0.000000 0.609175 1.000000 1.000000 1.000000
3236.337891 0.000000 1846.800171 0.000000 0.721367 0.000000 0.692553 1.000000 1.000000 1.000000
3244.464355 0.000000 1851.872192 0.000000 0.184278 0.000000 -0.982874 1.000000 1.000000 1.000000
3255.994141 0.000000 1847.395264 0.000000 0.189162 0.000000 0.981946 1.000000 1.000000 1.000000
3240.781250 0.000000 1854.710449 0.000000 0.172286 0.000000 -0.985047 1.000000 1.000000 1.000000
3242.234863 0.000000 1847.408569 0.000000 0.646613 0.000000 0.762818 1.000000 1.000000 1.000000
3251.036377 0.000000 1848.174194 0.000000 0.644544 0.000000 -0.764567 1.000000 1.000000 1.000000
3245.195801 0.000000 1845.898560 0.000000 0.964646 0.000000 -0.263550 1.000000 1.000000 1.000000
3245.242676 0.000000 1850.760986 0.000000 0.463679 0.000000 -0.886003 1.000000 1.000000 1.000000
3271.428223 0.000000 1823.624512 0.000000 0.275609 0.000000 -0.961270 1.000000 1.000000 1.000000
3244.613525 0.000000 1855.912720 0.000000 0.198926 0.000000 0.980015 1.000000 1.000000 1.000000
3288.991211 0.000000 1917.868652 0.000000 0.998098 0.000000 0.061650 1.000000 1.000000 1.000000
3284.313721 0.000000 1895.895386 0.000000 0.571170 0.000000 0.820832 0.877404 0.877404 0.877404
3291.769531 0.000000 1916.613647 0.000000 0.781138 0.000000 -0.624359 1.000000 1.000000 1.000000
3290.418457 0.000000 1894.903809 0.000000 0.719932 0.000000 0.694045 1.000000 1.000000 1.000000
3289.043213 0.000000 1908.269531 0.000000 0.643351 0.000000 -0.765571 1.111017 1.111017 1.111017
3291.405273 0.000000 1918.637695 0.000000 0.936935 0.000000 -0.349503 1.000000 1.000000 1.000000
3285.784180 0.000000 1904.012329 0.000000 0.184740 0.000000 0.982787 1.000000 1.000000 1.000000
3283.084229 0.000000 1902.029663 0.000000 0.282777 0.000000 0.959186 1.000000 1.000000 1.000000
3291.432373 0.000000 1911.658447 0.000000 0.891025 0.000000 -0.453955 1.000000 1.000000 1.000000
3288.766602 0.000000 1902.007812 0.000000 0.183790 0.000000 0.982965 1.000000 1.000000 1.000000
3288.564941 0.000000 1909.809326 0.000000 0.890343 0.000000 0.455290 0.939814 0.939814 0.939814
3291.858643 0.000000 1894.471436 0.000000 0.893572 0.000000 -0.448920 1.000000 1.000000 1.000000
3285.318115 0.000000 1901.001709 0.000000 0.373062 0.000000 0.927806 0.848677 0.848677 0.848677
3288.009033 0.000000 1892.087769 0.000000 0.486291 0.000000 -0.873797 1.000000 1.000000 1.000000
3286.054688 0.000000 1902.904175 0.000000 0.964061 0.000000 0.265682 0.965761 0.965761 0.965761
3286.898438 0.000000 1903.706177 0.000000 0.849040 0.000000 -0.528328 1.070872 1.070872 1.070872
3285.349365 0.000000 1895.535278 0.000000 0.851039 0.000000 0.525103 0.929611 0.929611 0.929611
3286.620850 0.000000 1895.243042 0.000000 0.897188 0.000000 -0.441650 1.058243 1.058243 1.058243
3307.823242 0.000000 1898.622314 0.000000 0.191424 0.000000 0.981507 1.000000 1.000000 1.000000
3313.419434 0.000000 1907.063354 0.000000 0.650494 0.000000 0.759512 1.000000 1.000000 1.000000
3311.767090 0.000000 1909.517578 0.000000 0.715033 0.000000 -0.699090 1.000000 1.000000 1.000000
3230.367432 0.000000 1949.905029 0.000000 0.385081 0.000000 -0.922883 1.000000 1.000000 1.000000
3231.105469 0.000000 1948.533447 0.000000 0.998714 0.000000 0.050692 1.000000 1.000000 1.000000
3224.999023 0.000000 1981.853027 0.000000 0.716541 0.000000 0.697545 0.901710 0.901710 0.901710
3225.150391 0.000000 1978.943481 0.000000 0.647690 0.000000 -0.761904 1.000000 1.000000 1.000000
3227.413086 0.000000 1982.622070 0.000000 0.073146 0.000000 0.997321 0.809322 0.809322 0.809322
3223.912109 0.000000 1980.267822 0.000000 0.986633 0.000000 -0.162960 1.020842 1.020842 1.020842
3224.058350 0.000000 1982.984863 0.000000 0.188843 0.000000 -0.982007 1.175811 1.175811 1.175811
3223.660156 0.000000 1981.716797 0.000000 0.281078 0.000000 -0.959685 1.163723 1.163723 1.163723
3226.810791 0.000000 1981.513550 0.000000 0.096005 0.000000 0.995381 0.812243 0.812243 0.812243
3224.974609 0.000000 1980.796631 0.000000 0.986597 0.000000 -0.163174 1.020869 1.020869 1.020869
3265.540283 0.000000 1935.645386 0.000000 0.478290 0.000000 0.878202 0.863497 0.863497 0.863497
3264.755615 0.000000 1934.706787 0.000000 0.998141 0.000000 -0.060953 1.007766 1.007766 1.007766
3291.921875 0.000000 1977.700562 0.000000 0.292225 0.000000 -0.956350 1.162242 1.162242 1.162242
3290.121826 0.000000 1977.932129 0.000000 0.093331 0.000000 -0.995635 1.188099 1.188099 1.188099
3291.073730 0.000000 1976.850220 0.000000 0.998113 0.000000 0.061401 0.992177 0.992177 0.992177
3229.107422 0.000000 1997.240601 0.000000 0.932897 0.000000 -0.360143 1.000000 1.000000 1.000000
3225.395508 0.000000 1988.343018 0.000000 0.552471 0.000000 -0.833532 1.125474 1.125474 1.125474
3223.195557 0.000000 1998.551758 0.000000 0.899529 0.000000 -0.436860 1.000000 1.000000 1.000000
3225.997070 0.000000 1996.828735 0.000000 0.201781 0.000000 -0.979431 1.174131 1.174131 1.174131
3225.150391 0.000000 2010.935669 0.000000 0.969538 0.000000 0.244942 1.000000 1.000000 1.000000
3219.993164 0.000000 2004.010498 0.000000 0.273625 0.000000 -0.961836 1.164711 1.164711 1.164711
3220.817383 0.000000 2007.229736 0.000000 0.715174 0.000000 0.698946 0.901461 0.901461 0.901461
3210.125488 0.000000 1992.764526 0.000000 0.173052 0.000000 0.984913 1.000000 1.000000 1.000000
3214.387451 0.000000 1995.227051 0.000000 0.715512 0.000000 0.698600 1.000000 1.000000 1.000000
3225.658691 0.000000 1985.875000 0.000000 0.084108 0.000000 0.996457 0.810722 0.810722 0.810722
3225.896484 0.000000 2008.541016 0.000000 0.557291 0.000000 0.830317 1.000000 1.000000 1.000000
3225.165527 0.000000 1992.822876 0.000000 0.940837 0.000000 -0.338859 1.000000 1.000000 1.000000
3229.025391 0.000000 1995.103516 0.000000 0.849201 0.000000 -0.528069 1.070834 1.070834 1.070834
3215.444092 0.000000 2002.993286 0.000000 0.839448 0.000000 -0.543440 1.000000 1.000000 1.000000
3227.675781 0.000000 1998.415771 0.000000 0.839626 0.000000 0.543166 0.926890 0.926890 0.926890
3228.875000 0.000000 1992.836426 0.000000 0.097758 0.000000 0.995210 0.812467 0.812467 0.812467
3223.912109 0.000000 2012.260010 0.000000 0.990255 0.000000 0.139266 1.000000 1.000000 1.000000
3228.594238 0.000000 1984.905762 0.000000 0.999160 0.000000 0.040976 1.000000 1.000000 1.000000
3221.778076 0.000000 2003.607300 0.000000 0.096213 0.000000 0.995361 0.812269 0.812269 0.812269
3215.741943 0.000000 1996.383911 0.000000 0.640909 0.000000 0.767617 1.000000 1.000000 1.000000
3220.938232 0.000000 2005.467163 0.000000 0.393133 0.000000 0.919482 0.851444 0.851444 0.851444
3224.774414 0.000000 1997.984375 0.000000 0.642208 0.000000 -0.766531 1.111207 1.111207 1.111207
3227.485840 0.000000 2002.038940 0.000000 0.726531 0.000000 -0.687134 1.096453 1.096453 1.096453
3222.415527 0.000000 2007.009399 0.000000 0.998857 0.000000 -0.047803 1.006089 1.006089 1.006089
3223.003418 0.000000 2011.003784 0.000000 0.084790 0.000000 0.996399 0.810809 0.810809 0.810809
3227.225586 0.000000 1985.705566 0.000000 0.092116 0.000000 0.995748 0.811745 0.811745 0.811745
3219.481445 0.000000 2005.490112 0.000000 0.988893 0.000000 0.148630 0.981005 0.981005 0.981005
3226.508301 0.000000 2000.859253 0.000000 0.998685 0.000000 -0.051261 1.006530 1.006530 1.006530
3228.947266 0.000000 1999.267456 0.000000 0.930905 0.000000 -0.365261 1.000000 1.000000 1.000000
3220.675293 0.000000 2002.687256 0.000000 0.473804 0.000000 0.880631 0.862848 0.862848 0.862848
3224.229492 0.000000 2001.877686 0.000000 0.791371 0.000000 -0.611336 1.083747 1.083747 1.083747
3223.691406 0.000000 2004.355713 0.000000 0.936321 0.000000 -0.351146 1.045683 1.045683 1.045683
3224.787598 0.000000 2003.006226 0.000000 0.173643 0.000000 -0.984809 1.177778 1.177778 1.177778
3226.118652 0.000000 1984.640137 0.000000 0.645144 0.000000 0.764061 0.889281 0.889281 0.889281
3226.859619 0.000000 1995.109131 0.000000 0.193263 0.000000 0.981147 0.824763 0.824763 0.824763
3229.541504 0.000000 1993.804810 0.000000 0.851893 0.000000 0.523716 0.929818 0.929818 0.929818
3218.329346 0.000000 2002.331909 0.000000 0.986311 0.000000 -0.164893 1.021091 1.021091 1.021091
3226.026855 0.000000 1983.561279 0.000000 0.784434 0.000000 -0.620212 1.085181 1.085181 1.085181
3227.049072 0.000000 1989.903564 0.000000 0.934174 0.000000 -0.356818 1.046455 1.046455 1.046455
3231.730957 0.000000 1995.769409 0.000000 0.392589 0.000000 -0.919714 1.000000 1.000000 1.000000
3250.270752 0.000000 2004.643433 0.000000 0.287552 0.000000 -0.957765 1.000000 1.000000 1.000000
3251.951416 0.000000 2007.743408 0.000000 0.719560 0.000000 0.694430 0.902263 0.902263 0.902263
3264.352783 0.000000 1991.443848 0.000000 0.788407 0.000000 0.615154 1.000000 1.000000 1.000000
3268.439941 0.000000 1990.783936 0.000000 0.396508 0.000000 0.918031 1.000000 1.000000 1.000000
3265.733887 0.000000 1989.098877 0.000000 0.788924 0.000000 -0.614491 1.000000 1.000000 1.000000
3269.643066 0.000000 1988.363403 0.000000 0.184869 0.000000 0.982763 1.000000 1.000000 1.000000
3292.904297 0.000000 2015.462769 0.000000 0.282220 0.000000 -0.959350 1.163572 1.163572 1.163572
3294.600830 0.000000 2015.762451 0.000000 0.567626 0.000000 0.823286 1.000000 1.000000 1.000000
1981.259766 0.000000 2093.217041 0.000000 0.986617 0.000000 0.163054 1.000000 1.000000 1.000000
1981.482666 0.000000 2097.416504 0.000000 0.199828 0.000000 0.979831 0.825615 0.825615 0.825615
1983.883179 0.000000 2091.745850 0.000000 0.647159 0.000000 -0.762355 1.000000 1.000000 1.000000
1990.647217 0.000000 2103.548340 0.000000 0.378539 0.000000 0.925585 1.000000 1.000000 1.000000
1983.587646 0.000000 2160.883545 0.000000 0.653260 0.000000 -0.757134 1.109360 1.109360 1.109360
2003.601807 0.000000 2173.986816 0.000000 0.568913 0.000000 -0.822397 1.000000 1.000000 1.000000
1998.988403 0.000000 2161.076904 0.000000 0.176980 0.000000 0.984214 1.000000 1.000000 1.000000
2005.708252 0.000000 2174.683350 0.000000 0.484218 0.000000 -0.874947 1.135642 1.135642 1.135642
2025.809082 0.000000 2169.269043 0.000000 0.192652 0.000000 0.981267 1.000000 1.000000 1.000000
1960.677002 0.000000 2186.662598 0.000000 0.638541 0.000000 -0.769588 1.000000 1.000000 1.000000
1969.009277 0.000000 2191.755127 0.000000 0.967577 0.000000 0.252574 1.000000 1.000000 1.000000
1971.303711 0.000000 2214.993164 0.000000 0.718467 0.000000 -0.695561 1.000000 1.000000 1.000000
2003.614624 0.000000 2193.976807 0.000000 0.380208 0.000000 -0.924901 1.000000 1.000000 1.000000
2029.503418 0.000000 2207.135742 0.000000 0.851361 0.000000 0.524580 1.000000 1.000000 1.000000
2030.218018 0.000000 2205.142334 0.000000 0.837868 0.000000 0.545873 1.000000 1.000000 1.000000
2031.157227 0.000000 2206.728027 0.000000 0.939041 0.000000 0.343806 1.000000 1.000000 1.000000
2045.474854 0.000000 2193.393066 0.000000 0.940503 0.000000 0.339784 0.955858 0.955858 0.955858
1986.731934 0.000000 2209.633301 0.000000 0.965821 0.000000 0.259211 1.000000 1.000000 1.000000
2039.893066 0.000000 2218.432617 0.000000 0.553608 0.000000 0.832778 1.000000 1.000000 1.000000
2031.944214 0.000000 2207.508057 0.000000 0.484705 0.000000 -0.874677 1.000000 1.000000 1.000000
2006.780884 0.000000 2261.073730 0.000000 0.379307 0.000000 -0.925271 1.150465 1.150465 1.150465
2008.146484 0.000000 2263.293701 0.000000 0.890998 0.000000 -0.454007 1.060002 1.060002 1.060002
1990.180664 0.000000 2250.337158 0.000000 0.846298 0.000000 0.532710 0.928469 0.928469 0.928469
2011.588501 0.000000 2263.572510 0.000000 0.099931 0.000000 -0.994994 1.187255 1.187255 1.187255
2013.060303 0.000000 2271.400391 0.000000 0.967959 0.000000 -0.251110 1.000000 1.000000 1.000000
2008.720947 0.000000 2261.723389 0.000000 0.275720 0.000000 -0.961238 1.164433 1.164433 1.164433
2013.541748 0.000000 2268.521240 0.000000 0.486007 0.000000 0.873955 1.000000 1.000000 1.000000
1990.024170 0.000000 2251.774658 0.000000 0.484594 0.000000 -0.874739 1.135587 1.135587 1.135587
2010.277832 0.000000 2265.861816 0.000000 0.935654 0.000000 0.352919 0.954076 0.954076 0.954076
1991.429321 0.000000 2251.257080 0.000000 0.987009 0.000000 -0.160668 1.020546 1.020546 1.020546
2005.366577 0.000000 2267.226074 0.000000 0.842574 0.000000 0.538581 0.927584 0.927584 0.927584
2013.520874 0.000000 2262.004395 0.000000 0.368268 0.000000 -0.929720 1.000000 1.000000 1.000000
2006.088379 0.000000 2266.343506 0.000000 0.780817 0.000000 -0.624759 1.085921 1.085921 1.085921
2006.781616 0.000000 2269.278564 0.000000 0.892886 0.000000 0.450283 0.940529 0.940529 0.940529
2005.664673 0.000000 2265.230225 0.000000 0.937254 0.000000 0.348647 0.954656 0.954656 0.954656
2008.058838 0.000000 2267.271973 0.000000 0.940834 0.000000 0.338868 0.955982 0.955982 0.955982
2026.237061 0.000000 2268.976318 0.000000 0.939540 0.000000 0.342440 1.000000 1.000000 1.000000
2041.143433 0.000000 2269.782715 0.000000 0.965449 0.000000 0.260591 0.966433 0.966433 0.966433
2031.438477 0.000000 2254.052490 0.000000 0.575105 0.000000 -0.818080 1.000000 1.000000 1.000000
2038.181885 0.000000 2268.283447 0.000000 0.790979 0.000000 -0.611844 1.000000 1.000000 1.000000
2018.540771 0.000000 2270.530273 0.000000 0.986634 0.000000 0.162949 1.000000 1.000000 1.000000
2041.294800 0.000000 2266.873291 0.000000 0.790808 0.000000 -0.612064 1.000000 1.000000 1.000000
2028.886108 0.000000 2253.130127 0.000000 0.722692 0.000000 0.691170 1.000000 1.000000 1.000000
2020.915649 0.000000 2267.565918 0.000000 0.843139 0.000000 -0.537696 1.000000 1.000000 1.000000
2038.723267 0.000000 2270.352539 0.000000 0.782937 0.000000 0.622101 1.000000 1.000000 1.000000
2025.863403 0.000000 2256.710449 0.000000 0.720514 0.000000 -0.693440 1.000000 1.000000 1.000000
2027.558228 0.000000 2270.567139 0.000000 0.986253 0.000000 -0.165243 1.021136 1.021136 1.021136
2026.383057 0.000000 2263.307129 0.000000 0.647262 0.000000 -0.762268 1.110366 1.110366 1.110366
2029.344116 0.000000 2261.796875 0.000000 0.853591 0.000000 0.520943 0.930232 0.930232 0.930232
2027.103638 0.000000 2266.801758 0.000000 0.964177 0.000000 -0.265260 1.000000 1.000000 1.000000
2037.082642 0.000000 2261.404541 0.000000 0.785614 0.000000 0.618716 1.000000 1.000000 1.000000
2024.253296 0.000000 2257.173096 0.000000 0.097382 0.000000 -0.995247 1.000000 1.000000 1.000000
2032.745239 0.000000 2262.889648 0.000000 0.386531 0.000000 0.922276 1.000000 1.000000 1.000000
2018.228027 0.000000 2265.575928 0.000000 0.888795 0.000000 0.458304 1.000000 1.000000 1.000000
2020.134155 0.000000 2270.914795 0.000000 0.986993 0.000000 0.160762 0.979442 0.979442 0.979442
2015.885376 0.000000 2265.519287 0.000000 0.711476 0.000000 0.702711 1.000000 1.000000 1.000000
2027.967773 0.000000 2269.115723 0.000000 0.941167 0.000000 0.337941 1.000000 1.000000 1.000000
2035.625854 0.000000 2261.427734 0.000000 0.637163 0.000000 0.770729 0.887957 0.887957 0.887957
2025.166260 0.000000 2268.123535 0.000000 0.468429 0.000000 0.883501 1.000000 1.000000 1.000000
2019.696655 0.000000 2266.662842 0.000000 0.964685 0.000000 0.263408 0.966061 0.966061 0.966061
2028.382935 0.000000 2255.880615 0.000000 0.966789 0.000000 -0.255576 1.032906 1.032906 1.032906
2027.191895 0.000000 2260.629150 0.000000 0.899566 0.000000 -0.436785 1.057553 1.057553 1.057553
2038.084473 0.000000 2266.343506 0.000000 0.900203 0.000000 0.435470 0.942633 0.942633 0.942633
2027.323120 0.000000 2263.945068 0.000000 0.998909 0.000000 0.046708 0.994051 0.994051 0.994051
2027.430420 0.000000 2262.853271 0.000000 0.635919 0.000000 -0.771756 1.112249 1.112249 1.112249
2028.383057 0.000000 2262.376709 0.000000 0.897151 0.000000 -0.441724 1.058253 1.058253 1.058253
2028.550781 0.000000 2270.785156 0.000000 0.178839 0.000000 -0.983878 1.177106 1.177106 1.177106
2025.021729 0.000000 2265.825684 0.000000 0.293932 0.000000 0.955826 0.837986 0.837986 0.837986
2035.343262 0.000000 2260.472900 0.000000 0.182630 0.000000 0.983182 0.823384 0.823384 0.823384
2029.697754 0.000000 2260.871094 0.000000 0.569175 0.000000 -0.822217 1.122905 1.122905 1.122905
2028.630005 0.000000 2256.783936 0.000000 0.840780 0.000000 -0.541376 1.072839 1.072839 1.072839
2029.236084 0.000000 2254.313477 0.000000 0.575369 0.000000 -0.817894 1.121943 1.121943 1.121943
2015.566528 0.000000 2275.349609 0.000000 0.998602 0.000000 0.052866 1.000000 1.000000 1.000000
2009.806885 0.000000 2273.804688 0.000000 0.368406 0.000000 -0.929665 1.000000 1.000000 1.000000
2010.780396 0.000000 2275.129639 0.000000 0.379670 0.000000 0.925122 0.849585 0.849585 0.849585
2004.332642 0.000000 2282.579102 0.000000 0.931978 0.000000 -0.362515 1.000000 1.000000 1.000000
2009.787354 0.000000 2275.158936 0.000000 0.989385 0.000000 0.145315 0.981432 0.981432 0.981432
2011.698364 0.000000 2275.469971 0.000000 0.083881 0.000000 -0.996476 1.189307 1.189307 1.189307
2010.577026 0.000000 2274.241455 0.000000 0.464335 0.000000 -0.885660 1.138517 1.138517 1.138517
2039.893066 0.000000 2282.416992 0.000000 0.896656 0.000000 -0.442728 1.000000 1.000000 1.000000
2036.465820 0.000000 2279.801514 0.000000 0.102079 0.000000 0.994776 1.000000 1.000000 1.000000
2039.866211 0.000000 2279.085693 0.000000 0.966420 0.000000 -0.256967 1.000000 1.000000 1.000000
2037.911743 0.000000 2278.419922 0.000000 0.892834 0.000000 0.450385 1.000000 1.000000 1.000000
2041.125732 0.000000 2271.978516 0.000000 0.939950 0.000000 0.341312 0.955651 0.955651 0.955651
2038.365845 0.000000 2280.196289 0.000000 0.575482 0.000000 -0.817815 1.000000 1.000000 1.000000
2028.761963 0.000000 2271.811035 0.000000 0.719018 0.000000 -0.694992 1.097837 1.097837 1.097837
2022.430542 0.000000 2272.700439 0.000000 0.999292 0.000000 0.037625 0.995208 0.995208 0.995208
2026.129639 0.000000 2274.592285 0.000000 0.371771 0.000000 -0.928325 1.000000 1.000000 1.000000
2023.546753 0.000000 2273.991943 0.000000 0.653359 0.000000 -0.757048 1.109344 1.109344 1.109344
2025.897461 0.000000 2273.781982 0.000000 0.565536 0.000000 0.824723 0.876532 0.876532 0.876532
2054.445068 0.000000 2203.744629 0.000000 0.089595 0.000000 -0.995978 1.000000 1.000000 1.000000
2154.173584 0.000000 2482.712402 0.000000 0.782621 0.000000 0.622498 1.000000 1.000000 1.000000
2910.712891 0.000000 2057.665283 0.000000 0.554165 0.000000 0.832407 1.000000 1.000000 1.000000
2910.955078 0.000000 2055.721436 0.000000 0.381960 0.000000 0.924179 1.000000 1.000000 1.000000
2851.390381 0.000000 2261.039307 0.000000 0.998371 0.000000 0.057052 0.992732 0.992732 0.992732
2850.049072 0.000000 2260.474121 0.000000 0.712740 0.000000 0.701428 0.901018 0.901018 0.901018
2850.460449 0.000000 2261.446045 0.000000 0.720702 0.000000 0.693245 0.902472 0.902472 0.902472
2790.983398 0.000000 2366.592773 0.000000 0.794452 0.000000 -0.607327 1.000000 1.000000 1.000000
"}
