object={
	name="rock_red_generator_1_0"
	clamp_to_water_level=no
	render_under_water=no
	generated_content=yes
	layer="rock_layer"
	pdxmesh="rock_Lshape_red_mesh"
	count=12
	transform="2810.927490 0.000000 2014.766602 0.000000 0.473490 0.000000 0.880799 0.339129 0.339129 0.339129
2808.777344 0.000000 2017.348267 0.000000 0.281901 0.000000 0.959443 0.420628 0.420628 0.420628
2675.520020 0.000000 2110.002441 0.000000 0.910225 0.000000 0.414113 0.445317 0.445317 0.445317
2582.926270 0.000000 2170.908203 0.000000 0.039138 0.000000 -0.999234 0.721400 0.721400 0.721400
2722.385010 0.000000 2078.722656 0.000000 0.943772 0.000000 -0.330598 0.857576 0.857576 0.857576
2720.698242 0.000000 2080.789307 0.000000 0.265980 0.000000 -0.963978 0.674495 0.674495 0.674495
2764.238525 0.000000 2055.651611 0.000000 0.979851 0.000000 0.199728 0.541728 0.541728 0.541728
2764.891846 0.000000 2054.212891 0.000000 0.786477 0.000000 -0.617620 0.699945 0.699945 0.699945
2649.465820 0.000000 2212.288330 0.000000 0.806982 0.000000 0.590576 0.603092 0.603092 0.603092
2676.589600 0.000000 2233.869385 0.000000 0.001002 0.000000 1.000000 0.266698 0.266698 0.266698
2582.556152 0.000000 2239.619873 0.000000 0.945746 0.000000 -0.324908 0.546512 0.546512 0.546512
2582.556152 0.000000 2271.612061 0.000000 0.900103 0.000000 -0.435676 0.633089 0.633089 0.633089
"}
object={
	name="rock_red_generator_1_1"
	clamp_to_water_level=no
	render_under_water=no
	generated_content=yes
	layer="rock_layer"
	pdxmesh="rock_jagged_red_mesh"
	count=4
	transform="2723.302734 0.000000 2078.109619 0.000000 0.533250 0.000000 0.845958 0.525915 0.525915 0.525915
2723.735352 0.000000 2079.526367 0.000000 0.748081 0.000000 -0.663608 0.953403 0.953403 0.953403
2640.637207 0.000000 2185.954102 0.000000 0.936523 0.000000 0.350606 0.447683 0.447683 0.447683
2648.859375 0.000000 2214.029785 0.000000 0.892614 0.000000 0.450822 0.662547 0.662547 0.662547
"}
object={
	name="rock_red_generator_1_2"
	clamp_to_water_level=no
	render_under_water=no
	generated_content=yes
	layer="rock_layer"
	pdxmesh="rock_jagged_2_red_mesh"
	count=10
	transform="2768.621582 0.000000 1994.000977 0.000000 0.083914 0.000000 -0.996473 0.825100 0.825100 0.825100
2809.517822 0.000000 2015.729126 0.000000 0.914115 0.000000 0.405456 0.436631 0.436631 0.436631
2582.206543 0.000000 2238.448242 0.000000 0.934780 0.000000 0.355227 0.448956 0.448956 0.448956
2643.161377 0.000000 2182.846924 0.000000 0.350071 0.000000 -0.936723 0.691036 0.691036 0.691036
2637.604736 0.000000 2230.822266 0.000000 0.490973 0.000000 -0.871175 0.651819 0.651819 0.651819
2649.013428 0.000000 2215.424561 0.000000 0.172659 0.000000 0.984982 0.432213 0.432213 0.432213
2674.409180 0.000000 2235.746094 0.000000 0.149641 0.000000 -0.988740 0.692224 0.692224 0.692224
2678.693604 0.000000 2233.021729 0.000000 0.696379 0.000000 0.717674 0.380697 0.380697 0.380697
2679.779053 0.000000 2232.036865 0.000000 0.697999 0.000000 0.716098 0.381034 0.381034 0.381034
2580.891357 0.000000 2239.493896 0.000000 0.999675 0.000000 0.025481 0.663204 0.663204 0.663204
"}
object={
	name="rock_red_generator_1_3"
	clamp_to_water_level=no
	render_under_water=no
	generated_content=yes
	layer="rock_layer"
	pdxmesh="rock_S_red_mesh"
	count=17
	transform="2767.180176 0.000000 1997.891968 0.000000 0.388218 0.000000 0.921567 0.337011 0.337011 0.337011
2769.510010 0.000000 1996.703003 0.000000 0.393011 0.000000 -0.919534 0.661100 0.661100 0.661100
2811.187012 0.000000 2015.883911 0.000000 0.232400 0.000000 0.972620 0.300506 0.300506 0.300506
2810.395264 0.000000 2017.207642 0.000000 0.656593 0.000000 -0.754245 0.630345 0.630345 0.630345
2676.596680 0.000000 2111.437500 0.000000 0.999950 0.000000 0.009991 0.498561 0.498561 0.498561
2585.414062 0.000000 2168.508789 0.000000 0.815239 0.000000 0.579125 0.745109 0.745109 0.745109
2676.866943 0.000000 2115.623535 0.000000 0.254855 0.000000 0.966979 0.307569 0.307569 0.307569
2580.608398 0.000000 2239.406250 0.000000 0.972318 0.000000 0.233662 0.618433 0.618433 0.618433
2640.405762 0.000000 2184.067627 0.000000 0.895249 0.000000 -0.445565 0.567446 0.567446 0.567446
2641.166016 0.000000 2182.988037 0.000000 0.812596 0.000000 -0.582827 1.012473 1.012473 1.012473
2640.075928 0.000000 2183.036621 0.000000 0.497223 0.000000 -0.867622 1.127659 1.127659 1.127659
2674.670654 0.000000 2232.648682 0.000000 0.745004 0.000000 0.667060 0.396812 0.396812 0.396812
2677.385498 0.000000 2232.718506 0.000000 0.083964 0.000000 0.996469 0.279873 0.279873 0.279873
2677.868896 0.000000 2234.062256 0.000000 0.441047 0.000000 -0.897484 0.753723 0.753723 0.753723
2583.992920 0.000000 2268.406982 0.000000 0.776794 0.000000 0.629755 0.433846 0.433846 0.433846
2580.076660 0.000000 2240.866943 0.000000 0.923404 0.000000 0.383831 0.444334 0.444334 0.444334
2582.206543 0.000000 2270.440430 0.000000 0.613628 0.000000 -0.789596 0.712762 0.712762 0.712762
"}
object={
	name="rock_red_generator_1_4"
	clamp_to_water_level=no
	render_under_water=no
	generated_content=yes
	layer="rock_layer"
	pdxmesh="rock_M_red_mesh"
	count=6
	transform="2808.844727 0.000000 2014.828003 0.000000 0.167812 0.000000 -0.985819 0.712838 0.712838 0.712838
2584.912842 0.000000 2169.385254 0.000000 0.712941 0.000000 0.701225 0.698034 0.698034 0.698034
2585.094482 0.000000 2167.442383 0.000000 0.978080 0.000000 -0.208232 0.531474 0.531474 0.531474
2642.059082 0.000000 2183.821045 0.000000 0.124934 0.000000 -0.992165 0.726879 0.726879 0.726879
2678.914551 0.000000 2234.892578 0.000000 0.102247 0.000000 0.994759 0.295051 0.295051 0.295051
2582.646973 0.000000 2268.889648 0.000000 0.993130 0.000000 0.117017 0.530814 0.530814 0.530814
"}
object={
	name="rock_red_generator_1_5"
	clamp_to_water_level=no
	render_under_water=no
	generated_content=yes
	layer="rock_layer"
	pdxmesh="rock_L_red_mesh"
	count=20
	transform="2767.116455 0.000000 1995.705566 0.000000 0.999998 0.000000 0.001755 0.589868 0.589868 0.589868
2769.851318 0.000000 1995.129761 0.000000 0.798654 0.000000 -0.601791 0.676691 0.676691 0.676691
2768.554688 0.000000 1995.520020 0.000000 0.215724 0.000000 0.976454 0.323934 0.323934 0.323934
2766.921875 0.000000 1994.459839 0.000000 0.788976 0.000000 0.614424 0.466382 0.466382 0.466382
2582.705322 0.000000 2169.037354 0.000000 0.769868 0.000000 0.638203 0.405132 0.405132 0.405132
2584.604004 0.000000 2170.951416 0.000000 0.888102 0.000000 -0.459646 0.693473 0.693473 0.693473
2584.519043 0.000000 2168.539307 0.000000 0.998685 0.000000 0.051260 0.912311 0.912311 0.912311
2676.064941 0.000000 2112.898193 0.000000 0.979521 0.000000 -0.201341 0.999823 0.999823 0.999823
2677.540283 0.000000 2112.866211 0.000000 0.005625 0.000000 -0.999984 1.407142 1.407142 1.407142
2676.934814 0.000000 2113.623047 0.000000 0.274514 0.000000 0.961583 0.552745 0.552745 0.552745
2676.075684 0.000000 2112.021729 0.000000 0.908605 0.000000 0.417656 0.810404 0.810404 0.810404
2723.980957 0.000000 2079.037109 0.000000 0.797194 0.000000 -0.603723 0.934304 0.934304 0.934304
2722.418457 0.000000 2079.714844 0.000000 0.906992 0.000000 -0.421149 0.881681 0.881681 0.881681
2765.115234 0.000000 2052.680908 0.000000 0.328459 0.000000 0.944518 0.579176 0.579176 0.579176
2637.600098 0.000000 2228.872803 0.000000 0.824966 0.000000 -0.565183 1.062732 1.062732 1.062732
2648.367188 0.000000 2212.863770 0.000000 0.371646 0.000000 0.928374 0.468950 0.468950 0.468950
2636.442139 0.000000 2228.677246 0.000000 0.467298 0.000000 0.884100 0.584160 0.584160 0.584160
2636.994141 0.000000 2229.850586 0.000000 0.884568 0.000000 -0.466412 1.029954 1.029954 1.029954
2649.885254 0.000000 2214.071045 0.000000 0.994506 0.000000 0.104675 0.752447 0.752447 0.752447
2583.613281 0.000000 2269.890869 0.000000 0.852318 0.000000 -0.523024 0.645617 0.645617 0.645617
"}
