object={
	name="tree_cypress_generator_1_0"
	clamp_to_water_level=no
	render_under_water=no
	generated_content=yes
	layer="tree_layer"
	pdxmesh="tree_cypress_01_mesh"
	count=4
	transform="2449.383301 0.000000 2010.625732 0.000000 0.637938 0.000000 0.770088 0.710468 0.710468 0.710468
2981.052979 0.000000 2230.706787 0.000000 0.989021 0.000000 -0.147772 0.815107 0.815107 0.815107
2945.593018 0.000000 2261.666504 0.000000 0.553928 0.000000 0.832565 0.699799 0.699799 0.699799
2788.947266 0.000000 2456.155273 0.000000 0.611924 0.000000 0.790916 0.707073 0.707073 0.707073
"}
