object={
	name="tree_africa_generator_1_0"
	clamp_to_water_level=no
	render_under_water=no
	generated_content=yes
	layer="tree_layer"
	pdxmesh="tree_olive_01_mesh"
	count=54
	transform="2623.520264 0.000000 2024.078247 0.000000 0.490925 0.000000 0.871202 0.497506 0.497506 0.497506
2595.046875 0.000000 2036.849243 0.000000 0.326981 0.000000 -0.945031 1.045477 1.045477 1.045477
2594.870117 0.000000 2041.682861 0.000000 0.208092 0.000000 0.978109 0.425044 0.425044 0.425044
2596.860840 0.000000 2039.353760 0.000000 0.065243 0.000000 0.997869 0.390587 0.390587 0.390587
2622.412354 0.000000 2027.069580 0.000000 0.403200 0.000000 -0.915112 1.025923 1.025923 1.025923
2593.973389 0.000000 2034.719482 0.000000 0.612594 0.000000 0.790398 0.532405 0.532405 0.532405
2602.066895 0.000000 2027.758911 0.000000 0.312736 0.000000 0.949840 0.450934 0.450934 0.450934
2620.748779 0.000000 2026.702881 0.000000 0.443202 0.000000 -0.896422 1.015382 1.015382 1.015382
2621.376953 0.000000 2027.887207 0.000000 0.876651 0.000000 -0.481128 0.869829 0.869829 0.869829
2639.162842 0.000000 2026.960449 0.000000 0.649869 0.000000 -0.760046 0.956118 0.956118 0.956118
2648.561279 0.000000 2031.233154 0.000000 0.961347 0.000000 0.275340 0.683407 0.683407 0.683407
2646.707764 0.000000 2030.196411 0.000000 0.694934 0.000000 0.719074 0.558425 0.558425 0.558425
2638.103027 0.000000 2028.679321 0.000000 0.170171 0.000000 0.985415 0.415824 0.415824 0.415824
2639.011963 0.000000 2029.784790 0.000000 0.289944 0.000000 0.957044 0.445228 0.445228 0.445228
2649.524658 0.000000 2030.319214 0.000000 0.624235 0.000000 -0.781237 0.964058 0.964058 0.964058
2639.226807 0.000000 2028.156006 0.000000 0.499965 0.000000 -0.866046 1.000010 1.000010 1.000010
2750.427246 0.000000 1970.697144 0.000000 0.847191 0.000000 -0.531289 0.883719 0.883719 0.883719
2751.761230 0.000000 1969.855835 0.000000 0.014387 0.000000 0.999897 0.378435 0.378435 0.378435
2753.953857 0.000000 1970.735107 0.000000 0.955375 0.000000 -0.295396 0.821589 0.821589 0.821589
2773.448730 0.000000 1982.746826 0.000000 0.980099 0.000000 0.198510 0.702292 0.702292 0.702292
2775.750977 0.000000 1982.991577 0.000000 0.906679 0.000000 -0.421820 0.853957 0.853957 0.853957
2774.626465 0.000000 1982.230713 0.000000 0.216928 0.000000 0.976188 0.427203 0.427203 0.427203
2790.296631 0.000000 1951.676270 0.000000 0.848623 0.000000 0.528998 0.616926 0.616926 0.616926
2792.760498 0.000000 1953.470459 0.000000 0.927922 0.000000 -0.372774 0.841195 0.841195 0.841195
2791.177002 0.000000 1976.065674 0.000000 0.286435 0.000000 0.958100 0.444353 0.444353 0.444353
2790.031006 0.000000 1953.949463 0.000000 0.183319 0.000000 -0.983053 1.080987 1.080987 1.080987
2791.801270 0.000000 1977.608154 0.000000 0.354758 0.000000 -0.934958 1.038423 1.038423 1.038423
2773.805176 0.000000 1983.609375 0.000000 0.913978 0.000000 0.405763 0.650254 0.650254 0.650254
2775.885986 0.000000 1983.959106 0.000000 0.804565 0.000000 -0.593865 0.901799 0.901799 0.901799
2774.733398 0.000000 2002.874023 0.000000 0.975794 0.000000 -0.218691 0.802634 0.802634 0.802634
2775.749512 0.000000 2003.962280 0.000000 0.038623 0.000000 0.999254 0.384223 0.384223 0.384223
2804.624512 0.000000 1998.603638 0.000000 0.698585 0.000000 0.715527 0.559640 0.559640 0.559640
2804.084229 0.000000 1996.873169 0.000000 0.364246 0.000000 0.931303 0.464005 0.464005 0.464005
2805.754639 0.000000 1996.805664 0.000000 0.006542 0.000000 0.999979 0.376562 0.376562 0.376562
2543.796143 0.000000 2079.235107 0.000000 0.974443 0.000000 0.224633 0.695911 0.695911 0.695911
2558.306885 0.000000 2051.635254 0.000000 0.770499 0.000000 -0.637441 0.915005 0.915005 0.915005
2541.188232 0.000000 2077.293701 0.000000 0.989603 0.000000 0.143823 0.715545 0.715545 0.715545
2559.684082 0.000000 2053.888916 0.000000 0.723261 0.000000 0.690575 0.568018 0.568018 0.568018
2538.074707 0.000000 2059.750977 0.000000 0.688669 0.000000 0.725076 0.556354 0.556354 0.556354
2541.347412 0.000000 2058.787842 0.000000 0.531676 0.000000 -0.846948 0.991172 0.991172 0.991172
2516.659668 0.000000 2094.580078 0.000000 0.903622 0.000000 0.428331 0.644326 0.644326 0.644326
2525.117432 0.000000 2093.250732 0.000000 0.331793 0.000000 0.943352 0.455740 0.455740 0.455740
2516.119385 0.000000 2092.849854 0.000000 0.761019 0.000000 -0.648729 0.918524 0.918524 0.918524
2524.495850 0.000000 2094.901367 0.000000 0.122287 0.000000 -0.992495 1.095733 1.095733 1.095733
2517.789795 0.000000 2092.782227 0.000000 0.655581 0.000000 0.755125 0.545682 0.545682 0.545682
2580.651855 0.000000 2062.587891 0.000000 0.587634 0.000000 0.809127 0.524955 0.524955 0.524955
2590.302979 0.000000 2051.635254 0.000000 0.589915 0.000000 -0.807465 0.974371 0.974371 0.974371
2578.114258 0.000000 2063.735107 0.000000 0.999887 0.000000 -0.015052 0.753594 0.753594 0.753594
2591.680176 0.000000 2053.888916 0.000000 0.124959 0.000000 0.992162 0.404910 0.404910 0.404910
2579.170654 0.000000 2062.074951 0.000000 0.982634 0.000000 -0.185552 0.794555 0.794555 0.794555
2590.563232 0.000000 2053.040771 0.000000 0.084722 0.000000 0.996405 0.395250 0.395250 0.395250
2601.166992 0.000000 2057.883545 0.000000 0.857862 0.000000 0.513880 0.621156 0.621156 0.621156
2592.684082 0.000000 2052.077637 0.000000 0.315942 0.000000 0.948778 0.451740 0.451740 0.451740
2602.612549 0.000000 2056.689453 0.000000 0.911638 0.000000 0.410994 0.648886 0.648886 0.648886
"}
