object={
	name="tree_pine_generator_1_0"
	clamp_to_water_level=no
	render_under_water=no
	generated_content=yes
	layer="tree_layer"
	pdxmesh="tree_pine_01_mesh"
	count=647
	transform="2476.831543 0.000000 2477.075439 0.000000 0.368361 0.000000 -0.929683 1.059939 1.059939 1.059939
2494.763672 0.000000 2505.555908 0.000000 0.900375 0.000000 0.435115 0.905145 0.905145 0.905145
2496.446533 0.000000 2503.318848 0.000000 0.626717 0.000000 0.779247 0.885114 0.885114 0.885114
2497.229492 0.000000 2505.641113 0.000000 0.934067 0.000000 -0.357097 1.132641 1.132641 1.132641
2495.758545 0.000000 2504.850586 0.000000 0.928953 0.000000 0.370198 0.915644 0.915644 0.915644
2497.344727 0.000000 2504.257568 0.000000 0.999425 0.000000 -0.033910 1.039000 1.039000 1.039000
2710.657471 0.000000 2425.370361 0.000000 0.737634 0.000000 -0.675200 1.059814 1.059814 1.059814
2713.212891 0.000000 2426.834229 0.000000 0.773086 0.000000 0.634301 0.864395 0.864395 0.864395
2711.065918 0.000000 2426.902344 0.000000 0.324466 0.000000 -0.945898 1.526280 1.526280 1.526280
2710.002686 0.000000 2426.304443 0.000000 0.772153 0.000000 0.635436 0.808465 0.808465 0.808465
2737.489746 0.000000 2418.938477 0.000000 0.970503 0.000000 0.241087 0.911700 0.911700 0.911700
2735.837402 0.000000 2421.392578 0.000000 0.865129 0.000000 0.501549 0.858851 0.858851 0.858851
2735.502686 0.000000 2418.891846 0.000000 0.309063 0.000000 0.951042 0.826271 0.826271 0.826271
2736.551025 0.000000 2420.055420 0.000000 0.979754 0.000000 0.200205 0.962784 0.962784 0.962784
2734.512695 0.000000 2421.071289 0.000000 0.348789 0.000000 0.937201 0.554891 0.554891 0.554891
2737.177002 0.000000 2421.473389 0.000000 0.771553 0.000000 -0.636165 1.174114 1.174114 1.174114
2735.297852 0.000000 2420.112793 0.000000 0.997218 0.000000 -0.074535 1.123494 1.123494 1.123494
2809.201172 0.000000 2394.842041 0.000000 0.515838 0.000000 0.856686 0.513824 0.513824 0.513824
2809.947266 0.000000 2392.447266 0.000000 0.296522 0.000000 0.955026 0.632164 0.632164 0.632164
2808.472412 0.000000 2393.238281 0.000000 0.143075 0.000000 -0.989712 1.513412 1.513412 1.513412
2808.011230 0.000000 2394.282227 0.000000 0.356470 0.000000 -0.934307 1.904880 1.904880 1.904880
2808.791260 0.000000 2392.140625 0.000000 0.996474 0.000000 -0.083898 1.074505 1.074505 1.074505
2808.801514 0.000000 2395.721436 0.000000 0.663527 0.000000 0.748152 0.628051 0.628051 0.628051
2809.983398 0.000000 2394.632324 0.000000 0.077492 0.000000 -0.996993 2.083447 2.083447 2.083447
2777.655518 0.000000 2417.893066 0.000000 0.856338 0.000000 0.516415 0.896071 0.896071 0.896071
2781.302490 0.000000 2406.892090 0.000000 0.461718 0.000000 -0.887027 1.011709 1.011709 1.011709
2778.168701 0.000000 2415.320801 0.000000 0.760737 0.000000 -0.649061 1.232317 1.232317 1.232317
2783.071777 0.000000 2405.566650 0.000000 0.034780 0.000000 0.999395 0.820019 0.820019 0.820019
2779.730469 0.000000 2414.314209 0.000000 0.949907 0.000000 -0.312532 1.121366 1.121366 1.121366
2782.970703 0.000000 2407.635498 0.000000 0.993337 0.000000 0.115249 1.087607 1.087607 1.087607
2776.645752 0.000000 2415.296143 0.000000 0.947378 0.000000 0.320118 0.937059 0.937059 0.937059
2779.449707 0.000000 2415.643799 0.000000 0.829072 0.000000 -0.559142 1.200045 1.200045 1.200045
2778.345703 0.000000 2414.063721 0.000000 0.954280 0.000000 0.298915 0.943895 0.943895 0.943895
2782.436768 0.000000 2406.574463 0.000000 0.033462 0.000000 -0.999440 2.157184 2.157184 2.157184
2783.593506 0.000000 2406.568359 0.000000 0.588318 0.000000 -0.808630 1.771820 1.771820 1.771820
2787.625977 0.000000 2410.114014 0.000000 0.301122 0.000000 -0.953586 1.066689 1.066689 1.066689
2786.095459 0.000000 2411.948242 0.000000 0.090829 0.000000 -0.995866 1.087015 1.087015 1.087015
2788.462402 0.000000 2412.300049 0.000000 0.588367 0.000000 -0.808594 1.214943 1.214943 1.214943
2785.286133 0.000000 2413.562988 0.000000 0.892265 0.000000 -0.451512 1.329512 1.329512 1.329512
2789.655273 0.000000 2413.317627 0.000000 0.886991 0.000000 0.461787 0.897550 0.897550 0.897550
2787.205811 0.000000 2412.850830 0.000000 0.262542 0.000000 -0.964921 1.769310 1.769310 1.769310
2784.920898 0.000000 2412.307861 0.000000 0.580008 0.000000 0.814611 0.647829 0.647829 0.647829
2786.276855 0.000000 2413.276367 0.000000 0.259923 0.000000 0.965629 0.455208 0.455208 0.455208
2783.928467 0.000000 2406.553711 0.000000 0.581056 0.000000 -0.813864 1.777613 1.777613 1.777613
2783.698975 0.000000 2407.799072 0.000000 0.468359 0.000000 -0.883538 1.863416 1.863416 1.863416
2699.897461 0.000000 2442.489502 0.000000 0.146513 0.000000 -0.989209 0.953108 0.953108 0.953108
2698.187988 0.000000 2440.655273 0.000000 0.783771 0.000000 0.621050 0.886534 0.886534 0.886534
2700.052979 0.000000 2440.443115 0.000000 0.356762 0.000000 0.934195 0.454605 0.454605 0.454605
2701.373047 0.000000 2441.842285 0.000000 0.925445 0.000000 0.378881 0.915171 0.915171 0.915171
2700.399170 0.000000 2441.434814 0.000000 0.538968 0.000000 -0.842326 1.698455 1.698455 1.698455
2701.021484 0.000000 2440.032959 0.000000 0.753024 0.000000 -0.657993 1.538756 1.538756 1.538756
2701.210449 0.000000 2440.911865 0.000000 0.301378 0.000000 -0.953505 1.846683 1.846683 1.846683
2832.240723 0.000000 2397.470459 0.000000 0.723469 0.000000 0.690357 0.655276 0.655276 0.655276
2833.939453 0.000000 2395.971680 0.000000 0.657883 0.000000 -0.753120 1.111602 1.111602 1.111602
2833.110596 0.000000 2394.317627 0.000000 0.631276 0.000000 0.775558 0.835824 0.835824 0.835824
2833.648193 0.000000 2398.612793 0.000000 0.928693 0.000000 -0.370850 1.076187 1.076187 1.076187
2832.211670 0.000000 2395.748047 0.000000 0.536677 0.000000 0.843788 0.817331 0.817331 0.817331
2833.781006 0.000000 2397.280029 0.000000 0.018001 0.000000 0.999838 0.118025 0.118025 0.118025
2832.994385 0.000000 2396.541992 0.000000 0.965256 0.000000 0.261305 0.993335 0.993335 0.993335
2833.059326 0.000000 2397.902588 0.000000 0.900462 0.000000 -0.434935 1.478633 1.478633 1.478633
2832.016602 0.000000 2396.531494 0.000000 0.028146 0.000000 0.999604 0.124918 0.124918 0.124918
2864.609863 0.000000 2377.907227 0.000000 0.896194 0.000000 0.443663 0.900813 0.900813 0.900813
2869.967041 0.000000 2385.750244 0.000000 0.219734 0.000000 0.975560 0.836577 0.836577 0.836577
2868.036133 0.000000 2387.916748 0.000000 0.211216 0.000000 0.977440 0.787132 0.787132 0.787132
2867.509277 0.000000 2385.929932 0.000000 0.010548 0.000000 0.999944 0.769289 0.769289 0.769289
2869.821045 0.000000 2387.513672 0.000000 0.691371 0.000000 -0.722500 1.068410 1.068410 1.068410
2866.824707 0.000000 2387.252197 0.000000 0.894685 0.000000 0.446698 0.901827 0.901827 0.901827
2833.518311 0.000000 2399.536865 0.000000 0.960100 0.000000 -0.279658 1.056241 1.056241 1.056241
2841.442383 0.000000 2404.241455 0.000000 0.751436 0.000000 -0.659806 1.051088 1.051088 1.051088
2822.647217 0.000000 2402.352539 0.000000 0.288659 0.000000 0.957432 0.742670 0.742670 0.742670
2839.338623 0.000000 2402.421631 0.000000 0.006500 0.000000 0.999979 0.692707 0.692707 0.692707
2823.018555 0.000000 2405.700195 0.000000 0.982807 0.000000 0.184639 0.996810 0.996810 0.996810
2839.099365 0.000000 2404.775391 0.000000 0.195111 0.000000 0.980781 0.805798 0.805798 0.805798
2823.309326 0.000000 2403.927979 0.000000 0.941061 0.000000 -0.338238 1.060513 1.060513 1.060513
2840.725586 0.000000 2402.896484 0.000000 0.794503 0.000000 -0.607260 1.150393 1.150393 1.150393
2838.435303 0.000000 2403.491699 0.000000 0.979946 0.000000 0.199262 0.952388 0.952388 0.952388
2822.643799 0.000000 2404.689453 0.000000 0.843626 0.000000 0.536931 0.852650 0.852650 0.852650
2460.023438 0.000000 2969.458252 0.000000 0.958110 0.000000 0.286401 0.902082 0.902082 0.902082
2450.305664 0.000000 2966.239990 0.000000 0.835800 0.000000 0.549035 0.875818 0.875818 0.875818
2451.547363 0.000000 2973.791504 0.000000 0.101960 0.000000 0.994788 0.078028 0.078028 0.078028
2454.688721 0.000000 2969.237549 0.000000 0.897465 0.000000 0.441086 0.867636 0.867636 0.867636
2446.962891 0.000000 2970.539062 0.000000 0.183167 0.000000 0.983082 0.140724 0.140724 0.140724
2462.461182 0.000000 2973.655029 0.000000 0.258822 0.000000 -0.965925 1.646565 1.646565 1.646565
2455.289307 0.000000 2958.317383 0.000000 0.047450 0.000000 -0.998874 1.116025 1.116025 1.116025
2445.452881 0.000000 2974.948242 0.000000 0.111242 0.000000 0.993793 0.753170 0.753170 0.753170
2463.641846 0.000000 2968.632568 0.000000 0.917624 0.000000 -0.397449 1.102888 1.102888 1.102888
2450.999268 0.000000 2969.719482 0.000000 0.422759 0.000000 0.906242 0.621577 0.621577 0.621577
2459.283936 0.000000 2953.664307 0.000000 0.354998 0.000000 -0.934867 1.078049 1.078049 1.078049
2446.182861 0.000000 2967.192871 0.000000 0.352080 0.000000 0.935970 0.291565 0.291565 0.291565
2454.017822 0.000000 2961.609619 0.000000 0.835398 0.000000 0.549645 0.805414 0.805414 0.805414
2448.287598 0.000000 2973.329834 0.000000 0.748189 0.000000 -0.663486 1.754217 1.754217 1.754217
2454.131348 0.000000 2972.111572 0.000000 0.999869 0.000000 -0.016192 1.084226 1.084226 1.084226
2459.871094 0.000000 2972.355713 0.000000 0.238115 0.000000 0.971237 0.183671 0.183671 0.183671
2457.244141 0.000000 2970.701416 0.000000 0.135729 0.000000 0.990746 0.769629 0.769629 0.769629
2452.911133 0.000000 2966.995361 0.000000 0.542468 0.000000 -0.840076 1.431645 1.431645 1.431645
2448.530518 0.000000 2968.430176 0.000000 0.137968 0.000000 0.990437 0.105737 0.105737 0.105737
2458.520020 0.000000 2950.645996 0.000000 0.995108 0.000000 -0.098791 1.026796 1.026796 1.026796
2462.223877 0.000000 2970.895996 0.000000 0.114072 0.000000 0.993473 0.087334 0.087334 0.087334
2444.562012 0.000000 2971.598633 0.000000 0.927496 0.000000 -0.373833 1.135440 1.135440 1.135440
2447.872559 0.000000 2965.259766 0.000000 0.893622 0.000000 0.448821 0.901704 0.901704 0.901704
2449.986328 0.000000 2971.831055 0.000000 0.984453 0.000000 0.175650 1.065113 1.065113 1.065113
2457.259277 0.000000 2952.588379 0.000000 0.879887 0.000000 -0.475184 1.200914 1.200914 1.200914
2455.975586 0.000000 2960.384033 0.000000 0.602096 0.000000 -0.798423 1.659457 1.659457 1.659457
2452.087891 0.000000 2971.534180 0.000000 0.634709 0.000000 -0.772751 1.874688 1.874688 1.874688
2459.506836 0.000000 2974.379883 0.000000 0.968694 0.000000 0.248259 0.941812 0.941812 0.941812
2446.167236 0.000000 2972.954834 0.000000 0.090980 0.000000 -0.995853 1.667161 1.667161 1.667161
2449.157471 0.000000 2970.177002 0.000000 0.883112 0.000000 0.469163 0.826934 0.826934 0.826934
2451.134033 0.000000 2967.900879 0.000000 0.735510 0.000000 -0.677514 1.164412 1.164412 1.164412
2452.944580 0.000000 2969.752686 0.000000 0.660302 0.000000 -0.751000 1.251475 1.251475 1.251475
2450.368408 0.000000 2964.409180 0.000000 0.299744 0.000000 -0.954020 1.195218 1.195218 1.195218
2449.695068 0.000000 2974.472168 0.000000 0.865096 0.000000 -0.501607 1.601418 1.601418 1.601418
2461.005859 0.000000 2975.228516 0.000000 0.058189 0.000000 0.998306 0.044478 0.044478 0.044478
2448.694580 0.000000 2966.717773 0.000000 0.998197 0.000000 -0.060024 1.245882 1.245882 1.245882
2447.106445 0.000000 2974.540527 0.000000 0.134623 0.000000 -0.990897 2.193072 2.193072 2.193072
2453.160156 0.000000 2973.512207 0.000000 0.807034 0.000000 0.590505 0.717429 0.717429 0.717429
2448.258545 0.000000 2971.607422 0.000000 0.769310 0.000000 0.638876 0.670559 0.670559 0.670559
2458.087158 0.000000 2972.261719 0.000000 0.959408 0.000000 0.282022 0.981587 0.981587 0.981587
2446.935791 0.000000 2968.684570 0.000000 0.800330 0.000000 0.599560 0.708821 0.708821 0.708821
2461.487305 0.000000 2972.349365 0.000000 0.387761 0.000000 0.921760 0.304204 0.304204 0.304204
2455.097168 0.000000 2970.769531 0.000000 0.254790 0.000000 0.966996 0.439793 0.439793 0.439793
2460.616699 0.000000 2971.002930 0.000000 0.879375 0.000000 0.476129 0.820895 0.820895 0.820895
2463.199219 0.000000 2972.283447 0.000000 0.976407 0.000000 -0.215937 1.179109 1.179109 1.179109
2460.913574 0.000000 2973.744873 0.000000 0.163610 0.000000 -0.986525 2.274446 2.274446 2.274446
2451.575195 0.000000 2965.255859 0.000000 0.990789 0.000000 -0.135417 1.004135 1.004135 1.004135
2459.960205 0.000000 2950.213623 0.000000 0.945129 0.000000 -0.326697 1.079001 1.079001 1.079001
2453.836670 0.000000 2968.099609 0.000000 0.615548 0.000000 0.788099 0.779984 0.779984 0.779984
2449.943115 0.000000 2968.713623 0.000000 0.951170 0.000000 0.308668 0.960280 0.960280 0.960280
2458.073486 0.000000 2974.602539 0.000000 0.912800 0.000000 0.408407 0.910388 0.910388 0.910388
2452.502686 0.000000 2968.426514 0.000000 0.900130 0.000000 -0.435621 1.144462 1.144462 1.144462
2457.170898 0.000000 2951.160400 0.000000 0.604154 0.000000 -0.796868 1.199386 1.199386 1.199386
2445.340332 0.000000 2970.487549 0.000000 0.468766 0.000000 -0.883322 1.331239 1.331239 1.331239
2446.547852 0.000000 2964.938477 0.000000 0.086687 0.000000 -0.996236 1.288764 1.288764 1.288764
2447.523193 0.000000 2967.434082 0.000000 0.948619 0.000000 -0.316422 1.434068 1.434068 1.434068
2449.212158 0.000000 2965.340576 0.000000 0.812079 0.000000 0.583547 0.733132 0.733132 0.733132
2451.574951 0.000000 2966.655029 0.000000 0.425867 0.000000 0.904786 0.756149 0.756149 0.756149
2445.037109 0.000000 2973.656006 0.000000 0.057506 0.000000 0.998345 0.328752 0.328752 0.328752
2453.312012 0.000000 2971.054199 0.000000 0.748381 0.000000 -0.663269 1.753996 1.753996 1.753996
2449.827881 0.000000 2973.139404 0.000000 0.539307 0.000000 -0.842109 1.964847 1.964847 1.964847
2451.156494 0.000000 2972.456543 0.000000 0.013724 0.000000 -0.999906 2.389515 2.389515 2.389515
2446.085449 0.000000 2971.590332 0.000000 0.998016 0.000000 -0.062962 1.248131 1.248131 1.248131
2462.994629 0.000000 2969.864990 0.000000 0.502248 0.000000 -0.864724 1.250137 1.250137 1.250137
2455.753906 0.000000 2973.474609 0.000000 0.199628 0.000000 0.979872 0.521158 0.521158 0.521158
2447.925293 0.000000 2969.628906 0.000000 0.832320 0.000000 0.554296 0.751170 0.751170 0.751170
2449.786133 0.000000 2967.440674 0.000000 0.587903 0.000000 -0.808931 1.919888 1.919888 1.919888
2458.904541 0.000000 2973.271484 0.000000 0.578952 0.000000 0.815361 0.471692 0.471692 0.471692
2455.178467 0.000000 2968.023193 0.000000 0.023680 0.000000 -0.999720 2.150177 2.150177 2.150177
2447.083740 0.000000 2966.273926 0.000000 0.568106 0.000000 -0.822956 1.914514 1.914514 1.914514
2450.992676 0.000000 2970.963623 0.000000 0.413667 0.000000 -0.910428 2.074194 2.074194 2.074194
2447.223389 0.000000 2972.299316 0.000000 0.916880 0.000000 -0.399164 1.239533 1.239533 1.239533
2454.775146 0.000000 2960.575195 0.000000 0.748103 0.000000 0.663582 0.723980 0.723980 0.723980
2448.475586 0.000000 2974.596191 0.000000 0.301249 0.000000 -0.953546 2.166231 2.166231 2.166231
2463.264404 0.000000 2974.657471 0.000000 0.102016 0.000000 0.994783 0.494662 0.494662 0.494662
2461.329834 0.000000 2970.044678 0.000000 0.980239 0.000000 -0.197817 1.352124 1.352124 1.352124
2452.311279 0.000000 2972.678223 0.000000 0.928471 0.000000 -0.371405 1.490698 1.490698 1.490698
2454.033936 0.000000 2970.171631 0.000000 0.738956 0.000000 -0.673753 1.499260 1.499260 1.499260
2456.827637 0.000000 2953.670654 0.000000 0.991564 0.000000 -0.129619 1.084843 1.084843 1.084843
2455.144775 0.000000 2961.782715 0.000000 0.973354 0.000000 -0.229306 1.266446 1.266446 1.266446
2451.957031 0.000000 2970.396240 0.000000 1.000000 0.000000 -0.000555 1.200424 1.200424 1.200424
2446.197998 0.000000 2969.745117 0.000000 0.322980 0.000000 0.946406 0.251243 0.251243 0.251243
2462.002441 0.000000 2974.685547 0.000000 0.570958 0.000000 0.820979 0.693700 0.693700 0.693700
2447.124756 0.000000 2973.458740 0.000000 0.292857 0.000000 0.956156 0.565868 0.565868 0.565868
2454.727051 0.000000 2973.106689 0.000000 0.821243 0.000000 0.570578 0.830968 0.830968 0.830968
2446.065674 0.000000 2974.023438 0.000000 0.907776 0.000000 0.419455 0.876117 0.876117 0.876117
2453.664062 0.000000 2966.111084 0.000000 0.107734 0.000000 0.994180 0.523640 0.523640 0.523640
2449.041260 0.000000 2972.401367 0.000000 0.081082 0.000000 0.996707 0.062010 0.062010 0.062010
2445.199951 0.000000 2972.537598 0.000000 0.984741 0.000000 0.174029 1.028539 1.028539 1.028539
2449.963135 0.000000 2970.797363 0.000000 0.851164 0.000000 -0.524901 1.622154 1.622154 1.622154
2452.374023 0.000000 2966.035156 0.000000 0.010224 0.000000 0.999948 0.487575 0.487575 0.487575
2450.537354 0.000000 2973.863037 0.000000 0.205193 0.000000 -0.978721 2.242123 2.242123 2.242123
2453.056152 0.000000 2972.052002 0.000000 0.485380 0.000000 -0.874303 2.012835 2.012835 2.012835
2448.273682 0.000000 2970.636719 0.000000 0.324940 0.000000 0.945735 0.252826 0.252826 0.252826
2455.049805 0.000000 2971.795898 0.000000 0.105424 0.000000 0.994427 0.361326 0.361326 0.361326
2446.125488 0.000000 2966.082520 0.000000 0.803346 0.000000 -0.595512 1.669543 1.669543 1.669543
2459.910156 0.000000 2973.492432 0.000000 0.995906 0.000000 -0.090399 1.269154 1.269154 1.269154
2449.082520 0.000000 2969.211670 0.000000 0.472501 0.000000 -0.881330 2.024043 2.024043 2.024043
2462.332764 0.000000 2971.849365 0.000000 0.998096 0.000000 0.061685 1.152846 1.152846 1.152846
2449.195312 0.000000 2971.353271 0.000000 0.871737 0.000000 0.489974 0.808815 0.808815 0.808815
2447.296143 0.000000 2971.390869 0.000000 0.770416 0.000000 0.637542 0.671883 0.671883 0.671883
2455.537109 0.000000 2968.891357 0.000000 0.231637 0.000000 0.972802 0.304277 0.304277 0.304277
2463.106934 0.000000 2971.365479 0.000000 0.865171 0.000000 -0.501477 1.601304 1.601304 1.601304
2460.652100 0.000000 2972.853271 0.000000 0.335863 0.000000 -0.941911 2.138333 2.138333 2.138333
2446.051758 0.000000 2968.855225 0.000000 0.928945 0.000000 -0.370219 1.489721 1.489721 1.489721
2461.508301 0.000000 2971.455811 0.000000 0.138731 0.000000 0.990330 0.106326 0.106326 0.106326
2454.271973 0.000000 2971.129395 0.000000 0.239547 0.000000 0.970885 0.431673 0.431673 0.431673
2449.106201 0.000000 2973.761963 0.000000 0.632323 0.000000 -0.774705 1.877044 1.877044 1.877044
2460.693359 0.000000 2971.948242 0.000000 0.425219 0.000000 -0.905091 2.064473 2.064473 2.064473
2460.397949 0.000000 2974.529541 0.000000 0.796813 0.000000 -0.604227 1.695643 1.695643 1.695643
2444.167236 0.000000 2973.790283 0.000000 0.995342 0.000000 0.096402 1.069515 1.069515 1.069515
2448.430176 0.000000 2967.559326 0.000000 0.247519 0.000000 0.968883 0.191076 0.191076 0.191076
2448.050293 0.000000 2966.115479 0.000000 0.883778 0.000000 0.467907 0.828020 0.828020 0.828020
2449.429443 0.000000 2966.232666 0.000000 0.496205 0.000000 0.868205 0.396656 0.396656 0.396656
2447.802490 0.000000 2974.046631 0.000000 0.039318 0.000000 0.999227 0.101831 0.101831 0.101831
2453.842529 0.000000 2972.935547 0.000000 0.860837 0.000000 0.508880 0.792143 0.792143 0.792143
2455.995117 0.000000 2968.136475 0.000000 0.176164 0.000000 -0.984361 2.051995 2.051995 2.051995
2461.594971 0.000000 2973.253418 0.000000 0.908397 0.000000 0.418108 0.870464 0.870464 0.870464
2446.376221 0.000000 2968.063477 0.000000 0.804002 0.000000 0.594627 0.713520 0.713520 0.713520
2455.202393 0.000000 2969.937988 0.000000 0.968607 0.000000 0.248598 0.999208 0.999208 0.999208
2447.643066 0.000000 2968.241455 0.000000 0.970830 0.000000 0.239767 1.015029 1.015029 1.015029
2447.108398 0.000000 2969.474121 0.000000 0.746825 0.000000 0.665021 0.644214 0.644214 0.644214
2452.328125 0.000000 2973.528564 0.000000 0.554519 0.000000 0.832171 0.449034 0.449034 0.449034
2448.592285 0.000000 2964.793701 0.000000 0.996554 0.000000 -0.082947 1.251556 1.251556 1.251556
2448.063477 0.000000 2972.390869 0.000000 0.882402 0.000000 0.470497 0.825779 0.825779 0.825779
2463.356934 0.000000 2970.589600 0.000000 0.539055 0.000000 0.842270 0.434925 0.434925 0.434925
2449.301025 0.000000 2968.137695 0.000000 0.484580 0.000000 0.874747 0.386467 0.386467 0.386467
2453.921143 0.000000 2973.743896 0.000000 0.808594 0.000000 -0.588366 1.680549 1.680549 1.680549
2446.316895 0.000000 2974.791016 0.000000 0.073733 0.000000 0.997278 0.126126 0.126126 0.126126
2446.183350 0.000000 2970.790283 0.000000 0.376440 0.000000 0.926441 0.294845 0.294845 0.294845
2482.301758 0.000000 2966.239990 0.000000 0.630941 0.000000 -0.775831 1.333405 1.333405 1.333405
2472.377197 0.000000 2965.757568 0.000000 0.890750 0.000000 -0.454493 1.419537 1.419537 1.419537
2466.994873 0.000000 2958.074219 0.000000 0.869002 0.000000 0.494808 0.887557 0.887557 0.887557
2466.381348 0.000000 2971.080322 0.000000 0.992052 0.000000 -0.125826 1.296379 1.296379 1.296379
2478.958984 0.000000 2970.539062 0.000000 0.414858 0.000000 0.909886 0.655513 0.655513 0.655513
2477.858643 0.000000 2963.748047 0.000000 0.966728 0.000000 -0.255808 1.216739 1.216739 1.216739
2475.112305 0.000000 2968.844727 0.000000 0.830169 0.000000 0.557511 0.887049 0.887049 0.887049
2468.431641 0.000000 2966.526611 0.000000 0.693219 0.000000 -0.720727 1.814860 1.814860 1.814860
2477.448975 0.000000 2974.948242 0.000000 0.999975 0.000000 0.007051 0.955662 0.955662 0.955662
2474.134521 0.000000 2962.595215 0.000000 0.993066 0.000000 -0.117562 1.079456 1.079456 1.079456
2482.995361 0.000000 2969.719482 0.000000 0.819982 0.000000 -0.572390 1.149361 1.149361 1.149361
2481.520996 0.000000 2962.805664 0.000000 0.246198 0.000000 -0.969220 1.850649 1.850649 1.850649
2463.763184 0.000000 2973.442139 0.000000 0.538681 0.000000 -0.842510 1.515038 1.515038 1.515038
2478.178955 0.000000 2967.192871 0.000000 0.418696 0.000000 0.908126 0.822525 0.822525 0.822525
2465.028564 0.000000 2968.177002 0.000000 0.047378 0.000000 -0.998877 1.948027 1.948027 1.948027
2475.461670 0.000000 2965.635254 0.000000 0.813130 0.000000 -0.582082 1.386860 1.386860 1.386860
2470.251221 0.000000 2964.061523 0.000000 0.966115 0.000000 0.258112 0.996957 0.996957 0.996957
2480.526611 0.000000 2968.430176 0.000000 0.633395 0.000000 -0.773829 1.800405 1.800405 1.800405
2476.558105 0.000000 2971.598633 0.000000 0.908509 0.000000 -0.417865 1.242689 1.242689 1.242689
2468.082275 0.000000 2969.175781 0.000000 0.691251 0.000000 -0.722615 1.565618 1.565618 1.565618
2479.868652 0.000000 2965.259766 0.000000 0.585082 0.000000 0.810974 0.669701 0.669701 0.669701
2463.960205 0.000000 2970.919922 0.000000 0.915970 0.000000 0.401246 0.884585 0.884585 0.884585
2468.861084 0.000000 2971.394043 0.000000 0.243191 0.000000 -0.969978 1.094808 1.094808 1.094808
2481.982422 0.000000 2971.831055 0.000000 0.272500 0.000000 0.962156 0.327887 0.327887 0.327887
2470.588623 0.000000 2967.337402 0.000000 0.010310 0.000000 -0.999947 2.392123 2.392123 2.392123
2466.233887 0.000000 2966.239502 0.000000 0.260742 0.000000 0.965409 0.423751 0.423751 0.423751
2477.175537 0.000000 2969.159424 0.000000 0.026781 0.000000 0.999641 0.518339 0.518339 0.518339
2478.163330 0.000000 2972.954834 0.000000 0.163869 0.000000 -0.986482 2.147051 2.147051 2.147051
2475.911377 0.000000 2963.427734 0.000000 0.926262 0.000000 -0.376880 1.164029 1.164029 1.164029
2479.533936 0.000000 2962.759033 0.000000 0.558874 0.000000 -0.829253 1.521861 1.521861 1.521861
2473.912842 0.000000 2964.500488 0.000000 0.041228 0.000000 0.999150 0.243739 0.243739 0.243739
2465.515625 0.000000 2972.779785 0.000000 0.986370 0.000000 -0.164540 1.326273 1.326273 1.326273
2467.666016 0.000000 2972.917236 0.000000 0.971892 0.000000 0.235425 0.937706 0.937706 0.937706
2474.328613 0.000000 2967.135254 0.000000 0.933059 0.000000 0.359724 0.928219 0.928219 0.928219
2476.287109 0.000000 2967.306641 0.000000 0.931732 0.000000 0.363146 0.926141 0.926141 0.926141
2481.153564 0.000000 2970.177002 0.000000 0.203115 0.000000 0.979155 0.281903 0.281903 0.281903
2483.130127 0.000000 2967.900879 0.000000 0.214325 0.000000 0.976762 0.607232 0.607232 0.607232
2482.364502 0.000000 2964.409180 0.000000 0.692099 0.000000 0.721803 0.773591 0.773591 0.773591
2477.289551 0.000000 2965.625000 0.000000 0.594400 0.000000 0.804169 0.486265 0.486265 0.486265
2475.049072 0.000000 2970.629883 0.000000 0.921953 0.000000 -0.387302 1.039490 1.039490 1.039490
2466.944824 0.000000 2967.869141 0.000000 0.781195 0.000000 -0.624287 1.486293 1.486293 1.486293
2480.690674 0.000000 2966.717773 0.000000 0.997631 0.000000 0.068788 1.027476 1.027476 1.027476
2479.102539 0.000000 2974.540527 0.000000 0.999814 0.000000 0.019307 1.050815 1.050815 1.050815
2466.173340 0.000000 2969.404053 0.000000 0.401718 0.000000 0.915763 0.315808 0.315808 0.315808
2480.254639 0.000000 2971.607422 0.000000 0.739450 0.000000 -0.673212 1.636476 1.636476 1.636476
2469.930176 0.000000 2965.700684 0.000000 0.002039 0.000000 -0.999998 1.490082 1.490082 1.490082
2477.946045 0.000000 2962.135254 0.000000 0.940021 0.000000 -0.341118 1.257906 1.257906 1.257906
2469.128418 0.000000 2967.949951 0.000000 0.022778 0.000000 0.999741 0.017403 0.017403 0.017403
2464.804688 0.000000 2974.623047 0.000000 0.869172 0.000000 0.494510 0.859508 0.859508 0.859508
2463.830811 0.000000 2969.347412 0.000000 0.757368 0.000000 0.652988 0.843465 0.843465 0.843465
2471.802246 0.000000 2964.375488 0.000000 0.985160 0.000000 -0.171640 1.300941 1.300941 1.300941
2483.571289 0.000000 2965.255859 0.000000 0.075152 0.000000 -0.997172 1.581105 1.581105 1.581105
2480.582275 0.000000 2963.922607 0.000000 0.946238 0.000000 -0.323472 1.308230 1.308230 1.308230
2481.939209 0.000000 2968.713623 0.000000 0.652755 0.000000 0.757569 0.577321 0.577321 0.577321
2467.244873 0.000000 2956.718018 0.000000 0.972812 0.000000 0.231598 0.975884 0.975884 0.975884
2477.336426 0.000000 2970.487549 0.000000 0.858455 0.000000 -0.512890 1.285000 1.285000 1.285000
2478.543945 0.000000 2964.938477 0.000000 0.962219 0.000000 0.272278 0.969542 0.969542 0.969542
2482.871582 0.000000 2963.111572 0.000000 0.918501 0.000000 -0.395418 1.486368 1.486368 1.486368
2467.642090 0.000000 2970.490967 0.000000 0.420494 0.000000 -0.907295 2.068456 2.068456 2.068456
2481.208252 0.000000 2965.340576 0.000000 0.059404 0.000000 0.998234 0.045408 0.045408 0.045408
2465.103027 0.000000 2970.206299 0.000000 0.685141 0.000000 0.728411 0.576622 0.576622 0.576622
2483.571045 0.000000 2966.655029 0.000000 0.350674 0.000000 0.936498 0.653302 0.653302 0.653302
2471.859131 0.000000 2967.000000 0.000000 0.645196 0.000000 -0.764017 1.864261 1.864261 1.864261
2473.806396 0.000000 2965.904541 0.000000 0.912410 0.000000 -0.409278 1.390080 1.390080 1.390080
2478.081543 0.000000 2971.590332 0.000000 0.973855 0.000000 0.227172 0.976079 0.976079 0.976079
2476.719482 0.000000 2964.470703 0.000000 0.236041 0.000000 0.971743 0.182040 0.182040 0.182040
2464.359863 0.000000 2972.183838 0.000000 0.087816 0.000000 -0.996137 2.332827 2.332827 2.332827
2476.036621 0.000000 2969.766357 0.000000 0.945704 0.000000 0.325030 0.940168 0.940168 0.940168
2481.782227 0.000000 2967.440674 0.000000 0.547705 0.000000 0.836672 0.717826 0.717826 0.717826
2475.353271 0.000000 2962.228027 0.000000 0.007200 0.000000 0.999974 0.550013 0.550013 0.550013
2479.329102 0.000000 2963.979980 0.000000 0.575403 0.000000 -0.817870 1.513009 1.513009 1.513009
2473.084473 0.000000 2966.908691 0.000000 0.983058 0.000000 0.183294 1.000959 1.000959 1.000959
2475.137207 0.000000 2964.457275 0.000000 0.065916 0.000000 -0.997825 1.796482 1.796482 1.796482
2479.219482 0.000000 2972.299316 0.000000 0.545560 0.000000 -0.838072 1.862371 1.862371 1.862371
2471.132812 0.000000 2965.557373 0.000000 0.919579 0.000000 0.392904 0.896892 0.896892 0.896892
2469.714844 0.000000 2968.980713 0.000000 0.914698 0.000000 -0.404139 1.352990 1.352990 1.352990
2468.781006 0.000000 2965.233887 0.000000 0.872826 0.000000 0.488031 0.884374 0.884374 0.884374
2467.450684 0.000000 2971.667480 0.000000 0.629821 0.000000 -0.776741 1.879508 1.879508 1.879508
2476.989990 0.000000 2962.894287 0.000000 0.998700 0.000000 -0.050980 1.121127 1.121127 1.121127
2469.545654 0.000000 2966.780029 0.000000 0.961896 0.000000 0.273416 0.988432 0.988432 0.988432
2477.339600 0.000000 2968.018799 0.000000 0.998090 0.000000 0.061782 1.033795 1.033795 1.033795
2465.294189 0.000000 2971.459961 0.000000 0.391031 0.000000 0.920378 0.306915 0.306915 0.306915
2467.332764 0.000000 2966.733154 0.000000 0.106203 0.000000 -0.994344 1.910068 1.910068 1.910068
2476.229004 0.000000 2968.542969 0.000000 0.998891 0.000000 -0.047080 1.071673 1.071673 1.071673
2468.033936 0.000000 2967.749512 0.000000 0.997386 0.000000 -0.072255 1.255247 1.255247 1.255247
2482.419189 0.000000 2962.097656 0.000000 0.844676 0.000000 0.535279 0.776810 0.776810 0.776810
2479.120850 0.000000 2973.458740 0.000000 0.543209 0.000000 0.839597 0.488635 0.488635 0.488635
2478.061768 0.000000 2974.023438 0.000000 0.436293 0.000000 0.899805 0.661606 0.661606 0.661606
2477.225098 0.000000 2966.695557 0.000000 0.999947 0.000000 0.010329 1.105462 1.105462 1.105462
2475.268555 0.000000 2967.773193 0.000000 0.915016 0.000000 0.403418 0.908567 0.908567 0.908567
2472.852295 0.000000 2964.803467 0.000000 0.877096 0.000000 -0.480315 1.436699 1.436699 1.436699
2475.375732 0.000000 2966.681396 0.000000 0.718216 0.000000 -0.695821 1.401067 1.401067 1.401067
2463.804932 0.000000 2974.929443 0.000000 0.611073 0.000000 -0.791574 1.432595 1.432595 1.432595
2465.542725 0.000000 2973.829346 0.000000 0.780147 0.000000 0.625596 0.683654 0.683654 0.683654
2473.745361 0.000000 2967.981201 0.000000 0.806865 0.000000 0.590736 0.823304 0.823304 0.823304
2481.959229 0.000000 2970.797363 0.000000 0.753815 0.000000 0.657086 0.699776 0.699776 0.699776
2467.041504 0.000000 2968.879150 0.000000 0.949055 0.000000 0.315110 0.955100 0.955100 0.955100
2464.895508 0.000000 2969.208984 0.000000 0.858667 0.000000 -0.512533 1.416300 1.416300 1.416300
2476.328613 0.000000 2966.204834 0.000000 0.928140 0.000000 -0.372231 1.299883 1.299883 1.299883
2478.552002 0.000000 2963.044678 0.000000 0.868169 0.000000 -0.496269 1.319638 1.319638 1.319638
2480.560791 0.000000 2962.609375 0.000000 0.892666 0.000000 0.450718 0.872737 0.872737 0.872737
2480.269775 0.000000 2970.636719 0.000000 0.049760 0.000000 -0.998761 2.140046 2.140046 2.140046
2483.849854 0.000000 2962.775146 0.000000 0.972877 0.000000 0.231321 1.018892 1.018892 1.018892
2474.518799 0.000000 2965.242676 0.000000 0.946815 0.000000 0.321778 0.946941 0.946941 0.946941
2481.078613 0.000000 2969.211670 0.000000 0.030625 0.000000 -0.999531 2.259858 2.259858 2.259858
2464.717041 0.000000 2973.278320 0.000000 0.237490 0.000000 -0.971390 2.216820 2.216820 2.216820
2471.029785 0.000000 2966.492432 0.000000 0.923795 0.000000 0.382888 0.899830 0.899830 0.899830
2481.581543 0.000000 2963.825439 0.000000 0.976236 0.000000 -0.216711 1.247602 1.247602 1.247602
2477.643066 0.000000 2964.699219 0.000000 0.988805 0.000000 0.149217 1.085579 1.085579 1.085579
2481.191406 0.000000 2971.353271 0.000000 0.470204 0.000000 -0.882558 1.857045 1.857045 1.857045
2471.770020 0.000000 2967.994385 0.000000 0.930088 0.000000 -0.367337 1.487353 1.487353 1.487353
2466.182129 0.000000 2968.457520 0.000000 0.170596 0.000000 0.985341 0.130967 0.130967 0.130967
2466.988037 0.000000 2969.854736 0.000000 0.998668 0.000000 -0.051597 1.239434 1.239434 1.239434
2476.332275 0.000000 2965.298096 0.000000 0.146460 0.000000 -0.989217 2.287709 2.287709 2.287709
2470.928711 0.000000 2964.662109 0.000000 0.943126 0.000000 0.332436 0.942397 0.942397 0.942397
2464.220215 0.000000 2968.579590 0.000000 0.776356 0.000000 0.630295 0.757859 0.757859 0.757859
2469.143799 0.000000 2966.010498 0.000000 0.614140 0.000000 0.789197 0.505193 0.505193 0.505193
2465.934814 0.000000 2970.215332 0.000000 0.213314 0.000000 -0.976984 2.235778 2.235778 2.235778
2480.588379 0.000000 2964.793701 0.000000 0.987478 0.000000 -0.157757 1.321023 1.321023 1.321023
2464.248047 0.000000 2970.096436 0.000000 0.853248 0.000000 0.521505 0.780890 0.780890 0.780890
2463.716064 0.000000 2971.694092 0.000000 0.840550 0.000000 0.541734 0.762643 0.762643 0.762643
2468.698975 0.000000 2967.282715 0.000000 0.547166 0.000000 -0.837024 1.957696 1.957696 1.957696
2481.297119 0.000000 2968.137695 0.000000 0.998620 0.000000 -0.052522 1.216842 1.216842 1.216842
2445.886963 0.000000 2979.105713 0.000000 0.952380 0.000000 0.304913 0.924419 0.924419 0.924419
2459.229980 0.000000 2975.649658 0.000000 0.461193 0.000000 -0.887300 1.190197 1.190197 1.190197
2461.341553 0.000000 2982.751465 0.000000 0.277936 0.000000 -0.960600 1.899729 1.899729 1.899729
2449.565186 0.000000 2975.396240 0.000000 0.990589 0.000000 0.136868 1.095111 1.095111 1.095111
2457.489258 0.000000 2980.100830 0.000000 0.611659 0.000000 -0.791122 1.563534 1.563534 1.563534
2463.511963 0.000000 2979.177734 0.000000 0.288124 0.000000 0.957593 0.435889 0.435889 0.435889
2443.157227 0.000000 2976.453857 0.000000 0.898925 0.000000 0.438103 0.904638 0.904638 0.904638
2459.283936 0.000000 2985.656494 0.000000 0.767906 0.000000 0.640562 0.668883 0.668883 0.668883
2455.815674 0.000000 2982.913818 0.000000 0.999938 0.000000 0.011156 0.919564 0.919564 0.919564
2462.702393 0.000000 2975.528076 0.000000 0.062787 0.000000 0.998027 0.479161 0.479161 0.479161
2460.382324 0.000000 2978.611084 0.000000 0.150579 0.000000 0.988598 0.115473 0.115473 0.115473
2446.480469 0.000000 2976.107910 0.000000 0.928577 0.000000 -0.371141 1.206205 1.206205 1.206205
2462.767578 0.000000 2985.438721 0.000000 0.332484 0.000000 0.943109 0.400013 0.400013 0.400013
2458.520020 0.000000 2982.638184 0.000000 0.670268 0.000000 0.742119 0.561171 0.561171 0.561171
2459.640137 0.000000 2980.710938 0.000000 0.884687 0.000000 0.466185 0.829508 0.829508 0.829508
2457.259277 0.000000 2984.580566 0.000000 0.461037 0.000000 0.887381 0.521592 0.521592 0.521592
2463.110840 0.000000 2981.426025 0.000000 0.528487 0.000000 0.848942 0.620249 0.620249 0.620249
2462.250488 0.000000 2977.538086 0.000000 0.599105 0.000000 0.800671 0.675681 0.675681 0.675681
2444.999268 0.000000 2977.360352 0.000000 0.878258 0.000000 -0.478187 1.366515 1.366515 1.366515
2461.634521 0.000000 2980.154053 0.000000 0.149514 0.000000 0.988760 0.114650 0.114650 0.114650
2460.968750 0.000000 2984.594238 0.000000 0.200380 0.000000 0.979718 0.576219 0.576219 0.576219
2463.009766 0.000000 2983.494873 0.000000 0.832239 0.000000 -0.554417 1.377438 1.377438 1.377438
2460.687988 0.000000 2976.663574 0.000000 0.755209 0.000000 0.655484 0.653915 0.653915 0.653915
2444.711182 0.000000 2975.639160 0.000000 0.986652 0.000000 0.162841 0.948308 0.948308 0.948308
2459.638428 0.000000 2987.859619 0.000000 0.743424 0.000000 -0.668820 1.640229 1.640229 1.640229
2457.125000 0.000000 2981.737061 0.000000 0.910905 0.000000 -0.412616 1.321677 1.321677 1.321677
2458.725830 0.000000 2978.957764 0.000000 0.712493 0.000000 -0.701679 1.794158 1.794158 1.794158
2447.893555 0.000000 2975.320557 0.000000 0.157265 0.000000 -0.987556 2.176941 2.176941 2.176941
2459.523926 0.000000 2984.043213 0.000000 0.202308 0.000000 -0.979322 2.244374 2.244374 2.244374
2462.604736 0.000000 2987.155762 0.000000 0.526205 0.000000 -0.850358 1.725597 1.725597 1.725597
2459.319336 0.000000 2977.463379 0.000000 0.823288 0.000000 0.567624 0.844727 0.844727 0.844727
2456.772461 0.000000 2978.755859 0.000000 0.987690 0.000000 -0.156425 1.136455 1.136455 1.136455
2459.960205 0.000000 2982.205811 0.000000 0.038736 0.000000 0.999249 0.029599 0.029599 0.029599
2446.446777 0.000000 2977.768555 0.000000 0.564159 0.000000 0.825666 0.703223 0.703223 0.703223
2457.170898 0.000000 2983.152588 0.000000 0.503565 0.000000 0.863958 0.599672 0.599672 0.599672
2461.105469 0.000000 2981.401367 0.000000 0.609670 0.000000 0.792655 0.500876 0.500876 0.500876
2461.970215 0.000000 2978.840576 0.000000 0.396147 0.000000 0.918187 0.311167 0.311167 0.311167
2458.365723 0.000000 2981.069336 0.000000 0.971948 0.000000 0.235197 1.018623 1.018623 1.018623
2456.110596 0.000000 2979.822266 0.000000 0.991822 0.000000 0.127629 1.023326 1.023326 1.023326
2458.212402 0.000000 2976.397949 0.000000 0.225184 0.000000 0.974316 0.585125 0.585125 0.585125
2458.304932 0.000000 2983.853027 0.000000 0.875295 0.000000 -0.483590 1.585602 1.585602 1.585602
2447.513184 0.000000 2976.855225 0.000000 0.081097 0.000000 -0.996706 1.619038 1.619038 1.619038
2462.860840 0.000000 2980.195557 0.000000 0.532360 0.000000 0.846518 0.622427 0.622427 0.622427
2458.953369 0.000000 2986.866943 0.000000 0.075592 0.000000 0.997139 0.190681 0.190681 0.190681
2461.536621 0.000000 2975.761963 0.000000 0.900003 0.000000 -0.435884 1.544554 1.544554 1.544554
2463.306396 0.000000 2976.569336 0.000000 0.745364 0.000000 -0.666658 1.423001 1.423001 1.423001
2461.875732 0.000000 2983.835205 0.000000 0.975313 0.000000 0.220828 1.011539 1.011539 1.011539
2460.441650 0.000000 2985.776855 0.000000 0.899313 0.000000 0.437306 0.897702 0.897702 0.897702
2462.475830 0.000000 2982.433838 0.000000 0.138589 0.000000 0.990350 0.428102 0.428102 0.428102
2460.376953 0.000000 2975.400391 0.000000 0.985958 0.000000 0.166996 1.071824 1.071824 1.071824
2456.827637 0.000000 2985.662842 0.000000 0.037877 0.000000 -0.999282 1.991419 1.991419 1.991419
2460.509521 0.000000 2979.743896 0.000000 0.709674 0.000000 -0.704530 1.797221 1.797221 1.797221
2458.082520 0.000000 2985.536621 0.000000 0.623659 0.000000 0.781697 0.514451 0.514451 0.514451
2461.635254 0.000000 2985.562744 0.000000 0.934560 0.000000 -0.355807 1.184080 1.184080 1.184080
2460.343994 0.000000 2983.268066 0.000000 0.964285 0.000000 0.264865 0.984865 0.984865 0.984865
2463.299561 0.000000 2978.012939 0.000000 0.971427 0.000000 -0.237339 1.255203 1.255203 1.255203
2463.632568 0.000000 2982.427734 0.000000 0.967756 0.000000 0.251891 0.981472 0.981472 0.981472
2461.191406 0.000000 2977.835938 0.000000 0.981769 0.000000 0.190078 1.053902 1.053902 1.053902
2456.503906 0.000000 2980.855225 0.000000 0.471141 0.000000 0.882058 0.574477 0.574477 0.574477
2456.385498 0.000000 2983.933105 0.000000 0.615040 0.000000 -0.788496 1.548915 1.548915 1.548915
2458.793945 0.000000 2980.004883 0.000000 0.884237 0.000000 -0.467039 1.571230 1.571230 1.571230
2444.214355 0.000000 2976.624023 0.000000 0.563656 0.000000 0.826010 0.622073 0.622073 0.622073
2445.443115 0.000000 2976.397217 0.000000 0.804970 0.000000 0.593315 0.792579 0.792579 0.792579
2463.323486 0.000000 2986.370850 0.000000 0.201001 0.000000 -0.979591 1.928612 1.928612 1.928612
2462.154053 0.000000 2981.045410 0.000000 0.562915 0.000000 0.826515 0.639834 0.639834 0.639834
2462.257080 0.000000 2976.478027 0.000000 0.520856 0.000000 0.853645 0.633077 0.633077 0.633077
2458.768799 0.000000 2984.767334 0.000000 0.970392 0.000000 0.241537 1.013636 1.013636 1.013636
2457.732910 0.000000 2978.987061 0.000000 0.957370 0.000000 0.288864 0.957818 0.957818 0.957818
2459.142822 0.000000 2981.661377 0.000000 0.876937 0.000000 -0.480604 1.582999 1.582999 1.582999
2444.021973 0.000000 2977.579346 0.000000 0.471770 0.000000 0.881722 0.567650 0.567650 0.567650
2459.643799 0.000000 2979.298096 0.000000 0.212512 0.000000 -0.977158 2.236405 2.236405 2.236405
2459.387451 0.000000 2983.081543 0.000000 0.936544 0.000000 -0.350551 1.473613 1.473613 1.473613
2462.758545 0.000000 2984.449463 0.000000 0.376359 0.000000 0.926474 0.428561 0.428561 0.428561
2462.007812 0.000000 2986.417480 0.000000 0.941560 0.000000 0.336845 0.940534 0.940534 0.940534
2458.697021 0.000000 2987.761963 0.000000 0.124792 0.000000 -0.992183 2.104199 2.104199 2.104199
2448.702881 0.000000 2975.784912 0.000000 0.301243 0.000000 0.953547 0.233764 0.233764 0.233764
2459.477295 0.000000 2978.364014 0.000000 0.400854 0.000000 -0.916142 2.084913 2.084913 2.084913
2446.923828 0.000000 2975.278564 0.000000 0.113112 0.000000 -0.993582 2.208350 2.208350 2.208350
2460.341553 0.000000 2977.501953 0.000000 0.825027 0.000000 -0.565094 1.658784 1.658784 1.658784
2460.562500 0.000000 2980.635498 0.000000 0.344068 0.000000 0.938945 0.268332 0.268332 0.268332
2461.513184 0.000000 2976.964111 0.000000 0.506700 0.000000 0.862122 0.405924 0.405924 0.405924
2458.522461 0.000000 2978.069580 0.000000 0.285575 0.000000 0.958356 0.221243 0.221243 0.221243
2461.161621 0.000000 2979.155029 0.000000 0.761523 0.000000 0.648138 0.661315 0.661315 0.661315
2458.006592 0.000000 2981.883057 0.000000 0.189520 0.000000 0.981877 0.145664 0.145664 0.145664
2461.766113 0.000000 2981.979248 0.000000 0.994276 0.000000 0.106838 1.118225 1.118225 1.118225
2460.178467 0.000000 2981.399658 0.000000 0.844040 0.000000 -0.536281 1.632411 1.632411 1.632411
2468.072021 0.000000 2979.230469 0.000000 0.619986 0.000000 0.784613 0.730605 0.730605 0.730605
2465.971436 0.000000 2975.435791 0.000000 0.105247 0.000000 0.994446 0.423034 0.423034 0.423034
2463.824707 0.000000 2987.527100 0.000000 0.132530 0.000000 -0.991179 1.968701 1.968701 1.968701
2464.667969 0.000000 2978.364990 0.000000 0.762759 0.000000 0.646683 0.662774 0.662774 0.662774
2470.690186 0.000000 2978.211914 0.000000 0.091180 0.000000 -0.995834 1.170660 1.170660 1.170660
2471.061523 0.000000 2981.559570 0.000000 0.592585 0.000000 0.805508 0.844316 0.844316 0.844316
2466.673584 0.000000 2977.445801 0.000000 0.824457 0.000000 -0.565924 1.340462 1.340462 1.340462
2463.841553 0.000000 2980.275391 0.000000 0.852098 0.000000 0.523383 0.841001 0.841001 0.841001
2469.740723 0.000000 2980.121338 0.000000 0.279662 0.000000 -0.960098 1.320681 1.320681 1.320681
2476.707275 0.000000 2975.639160 0.000000 0.997499 0.000000 0.070678 0.948363 0.948363 0.948363
2466.292236 0.000000 2979.147217 0.000000 0.507412 0.000000 0.861704 0.617308 0.617308 0.617308
2471.352295 0.000000 2979.787354 0.000000 0.827074 0.000000 -0.562093 1.049203 1.049203 1.049203
2463.742676 0.000000 2976.944580 0.000000 0.247176 0.000000 -0.968971 1.689507 1.689507 1.689507
2463.762451 0.000000 2984.733398 0.000000 0.674098 0.000000 -0.738642 1.654981 1.654981 1.654981
2479.889648 0.000000 2975.320557 0.000000 0.260017 0.000000 0.965604 0.594933 0.594933 0.594933
2464.360107 0.000000 2975.399902 0.000000 0.816172 0.000000 -0.577810 1.381258 1.381258 1.381258
2465.237549 0.000000 2976.766602 0.000000 0.999878 0.000000 -0.015590 1.113415 1.113415 1.113415
2469.522705 0.000000 2981.499268 0.000000 0.899618 0.000000 -0.436678 1.120204 1.120204 1.120204
2463.728760 0.000000 2986.078125 0.000000 0.279265 0.000000 -0.960214 1.882065 1.882065 1.882065
2465.059326 0.000000 2979.673096 0.000000 0.003307 0.000000 0.999995 0.002527 0.002527 0.002527
2467.874756 0.000000 2977.157227 0.000000 0.910374 0.000000 0.413787 0.903329 0.903329 0.903329
2469.688721 0.000000 2978.909912 0.000000 0.894550 0.000000 0.446968 0.892514 0.892514 0.892514
2466.871094 0.000000 2976.268066 0.000000 0.531532 0.000000 0.847038 0.655130 0.655130 0.655130
2463.701416 0.000000 2979.034180 0.000000 0.922542 0.000000 -0.385897 1.339691 1.339691 1.339691
2467.140381 0.000000 2979.984131 0.000000 0.968781 0.000000 -0.247919 1.214973 1.214973 1.214973
2465.757324 0.000000 2978.091797 0.000000 0.959045 0.000000 0.283255 0.980606 0.980606 0.980606
2467.258301 0.000000 2978.411865 0.000000 0.869215 0.000000 0.494434 0.859051 0.859051 0.859051
2464.589600 0.000000 2977.455811 0.000000 0.996929 0.000000 -0.078316 1.143760 1.143760 1.143760
2465.376709 0.000000 2978.829834 0.000000 0.298682 0.000000 -0.954353 2.168287 2.168287 2.168287
2599.510254 0.000000 2559.444824 0.000000 0.716689 0.000000 -0.697393 0.950134 0.950134 0.950134
2614.669189 0.000000 2585.331299 0.000000 0.999617 0.000000 -0.027679 0.913635 0.913635 0.913635
2598.235596 0.000000 2612.147461 0.000000 0.459095 0.000000 0.888387 0.855711 0.855711 0.855711
2623.746094 0.000000 2579.010986 0.000000 0.988711 0.000000 -0.149834 0.979943 0.979943 0.979943
3490.256348 0.000000 2203.267822 0.000000 0.824289 0.000000 0.566169 0.899268 0.899268 0.899268
3501.323975 0.000000 2207.135742 0.000000 0.416542 0.000000 -0.909117 1.027088 1.027088 1.027088
3489.846436 0.000000 2207.623291 0.000000 0.350052 0.000000 -0.936730 1.032657 1.032657 1.032657
3538.172852 0.000000 2198.427490 0.000000 0.835384 0.000000 0.549667 0.879372 0.879372 0.879372
3539.414551 0.000000 2205.979004 0.000000 0.995915 0.000000 -0.090292 0.976683 0.976683 0.976683
3528.248291 0.000000 2197.945068 0.000000 0.908096 0.000000 -0.418761 0.950059 0.950059 0.950059
3534.830078 0.000000 2202.726562 0.000000 0.999053 0.000000 -0.043515 0.938343 0.938343 0.938343
3538.866455 0.000000 2201.906982 0.000000 0.322016 0.000000 -0.946734 1.231810 1.231810 1.231810
3534.050049 0.000000 2199.380371 0.000000 0.512526 0.000000 0.858672 0.814371 0.814371 0.814371
3536.154785 0.000000 2205.517334 0.000000 0.794296 0.000000 0.607531 0.887901 0.887901 0.887901
3536.397705 0.000000 2200.617676 0.000000 0.411280 0.000000 0.911509 0.777910 0.777910 0.777910
3528.548340 0.000000 2200.398193 0.000000 0.002969 0.000000 -0.999996 1.085220 1.085220 1.085220
3537.853516 0.000000 2204.018555 0.000000 0.297055 0.000000 -0.954860 1.041268 1.041268 1.041268
3539.955078 0.000000 2203.721680 0.000000 0.734050 0.000000 0.679095 0.853383 0.853383 0.853383
3537.024658 0.000000 2202.364502 0.000000 0.530031 0.000000 0.847978 0.805551 0.805551 0.805551
3539.001221 0.000000 2200.088379 0.000000 0.992469 0.000000 0.122496 0.968048 0.968048 0.968048
3536.561768 0.000000 2198.905273 0.000000 0.997535 0.000000 -0.070169 0.997136 0.997136 0.997136
3536.125732 0.000000 2203.794922 0.000000 0.989947 0.000000 -0.141442 1.009826 1.009826 1.009826
3534.802979 0.000000 2200.872070 0.000000 0.775780 0.000000 -0.631004 1.081703 1.081703 1.081703
3537.810303 0.000000 2200.901123 0.000000 0.351098 0.000000 0.936339 0.766037 0.766037 0.766037
3575.705811 0.000000 2186.440430 0.000000 0.190277 0.000000 -0.981730 1.050058 1.050058 1.050058
3577.557861 0.000000 2193.947754 0.000000 0.316244 0.000000 -0.948678 0.972881 0.972881 0.972881
3574.552002 0.000000 2201.425049 0.000000 0.996004 0.000000 0.089309 0.919406 0.919406 0.919406
3572.278564 0.000000 2183.824951 0.000000 0.614593 0.000000 -0.788845 0.948882 0.948882 0.948882
3575.152588 0.000000 2190.504883 0.000000 0.837421 0.000000 0.546559 0.898117 0.898117 0.898117
3573.881104 0.000000 2193.797119 0.000000 0.295464 0.000000 0.955354 0.851946 0.851946 0.851946
3577.954102 0.000000 2188.781738 0.000000 0.535338 0.000000 0.844638 0.881905 0.881905 0.881905
3573.994629 0.000000 2204.299072 0.000000 0.344755 0.000000 0.938693 0.762707 0.762707 0.762707
3575.955078 0.000000 2199.309326 0.000000 0.965473 0.000000 -0.260503 0.984835 0.984835 0.984835
3574.535889 0.000000 2206.368164 0.000000 0.997309 0.000000 0.073313 1.019248 1.019248 1.019248
3572.764160 0.000000 2207.422852 0.000000 0.157177 0.000000 0.987570 0.752576 0.752576 0.752576
3575.869141 0.000000 2204.213135 0.000000 0.821592 0.000000 0.570076 0.883190 0.883190 0.883190
3573.023438 0.000000 2205.699707 0.000000 0.821403 0.000000 -0.570349 1.100541 1.100541 1.100541
3531.057373 0.000000 2223.176758 0.000000 0.418358 0.000000 -0.908282 1.259010 1.259010 1.259010
3539.414551 0.000000 2237.971191 0.000000 0.992813 0.000000 -0.119679 0.989518 0.989518 0.989518
3528.248291 0.000000 2229.937256 0.000000 0.997467 0.000000 -0.071128 1.013735 1.013735 1.013735
3522.252441 0.000000 2235.260010 0.000000 0.530666 0.000000 0.847581 0.881702 0.881702 0.881702
3549.208740 0.000000 2214.938965 0.000000 0.673626 0.000000 -0.739072 0.915287 0.915287 0.915287
3531.795898 0.000000 2218.544189 0.000000 0.995185 0.000000 -0.098013 0.970573 0.970573 0.970573
3526.302734 0.000000 2225.444824 0.000000 0.597899 0.000000 0.801572 0.792890 0.792890 0.792890
3526.434326 0.000000 2234.078613 0.000000 0.881852 0.000000 -0.471527 1.106724 1.106724 1.106724
3524.302734 0.000000 2230.706299 0.000000 0.900769 0.000000 0.434299 0.905249 0.905249 0.905249
3525.263184 0.000000 2237.809570 0.000000 0.841668 0.000000 -0.539996 1.091079 1.091079 1.091079
3530.005615 0.000000 2226.774902 0.000000 0.004813 0.000000 -0.999988 1.059946 1.059946 1.059946
3541.998535 0.000000 2236.291260 0.000000 0.302585 0.000000 -0.953122 1.194714 1.194714 1.194714
3550.634766 0.000000 2217.626221 0.000000 0.286380 0.000000 0.958116 0.784442 0.784442 0.784442
3529.764404 0.000000 2220.612305 0.000000 0.470380 0.000000 0.882464 0.850792 0.850792 0.850792
3528.156494 0.000000 2223.285156 0.000000 0.425465 0.000000 -0.904975 1.240074 1.240074 1.240074
3526.122314 0.000000 2228.241211 0.000000 0.785134 0.000000 -0.619326 1.224446 1.224446 1.224446
3532.702637 0.000000 2221.137939 0.000000 0.459460 0.000000 0.888198 0.796369 0.796369 0.796369
3527.569336 0.000000 2236.589355 0.000000 0.242381 0.000000 -0.970181 1.181923 1.181923 1.181923
3528.548340 0.000000 2232.390381 0.000000 0.442175 0.000000 -0.896929 1.348389 1.348389 1.348389
3529.155029 0.000000 2234.770020 0.000000 0.589934 0.000000 0.807452 0.862755 0.862755 0.862755
3524.732178 0.000000 2235.573730 0.000000 0.192898 0.000000 -0.981219 1.367407 1.367407 1.367407
3533.378418 0.000000 2223.258301 0.000000 0.995739 0.000000 -0.092220 1.025322 1.025322 1.025322
3526.459717 0.000000 2231.517090 0.000000 0.974985 0.000000 -0.222272 1.069164 1.069164 1.069164
3527.916504 0.000000 2227.083008 0.000000 0.641385 0.000000 -0.767219 1.118518 1.118518 1.118518
3529.679932 0.000000 2224.718262 0.000000 0.303636 0.000000 -0.952788 1.235547 1.235547 1.235547
3529.783936 0.000000 2228.680176 0.000000 0.989972 0.000000 -0.141265 1.028513 1.028513 1.028513
3528.069824 0.000000 2225.180908 0.000000 0.634347 0.000000 0.773049 0.821111 0.821111 0.821111
3529.595703 0.000000 2222.343750 0.000000 0.626429 0.000000 0.779479 0.810323 0.810323 0.810323
3541.027344 0.000000 2237.691895 0.000000 0.408402 0.000000 0.912802 0.786789 0.786789 0.786789
3531.384521 0.000000 2220.214844 0.000000 0.651062 0.000000 0.759025 0.835513 0.835513 0.835513
3525.801270 0.000000 2229.880371 0.000000 0.995914 0.000000 0.090305 0.971503 0.971503 0.971503
3524.999512 0.000000 2232.129639 0.000000 0.666483 0.000000 -0.745520 1.137046 1.137046 1.137046
3526.265625 0.000000 2235.736816 0.000000 0.999866 0.000000 0.016347 0.997663 0.997663 0.997663
3527.673340 0.000000 2228.555176 0.000000 0.957887 0.000000 -0.287146 1.115788 1.115788 1.115788
3524.615234 0.000000 2228.139893 0.000000 0.983513 0.000000 -0.180835 1.021882 1.021882 1.021882
3531.150879 0.000000 2221.681885 0.000000 0.411991 0.000000 -0.911188 1.174899 1.174899 1.174899
3527.865967 0.000000 2233.687988 0.000000 0.624326 0.000000 -0.781164 1.182982 1.182982 1.182982
3527.672852 0.000000 2235.142822 0.000000 0.322477 0.000000 -0.946577 1.268249 1.268249 1.268249
3533.915283 0.000000 2222.024902 0.000000 0.169511 0.000000 -0.985528 1.317343 1.317343 1.317343
3529.625732 0.000000 2233.253418 0.000000 0.004372 0.000000 0.999990 0.583228 0.583228 0.583228
3532.199463 0.000000 2223.888428 0.000000 0.888323 0.000000 -0.459219 1.111216 1.111216 1.111216
3527.730225 0.000000 2231.179688 0.000000 0.995688 0.000000 0.092761 0.991304 0.991304 0.991304
3524.991943 0.000000 2234.208984 0.000000 0.993274 0.000000 -0.115783 1.047129 1.047129 1.047129
3527.003906 0.000000 2229.737061 0.000000 0.966280 0.000000 -0.257495 1.106897 1.106897 1.106897
3575.705811 0.000000 2218.432617 0.000000 0.980712 0.000000 0.195459 0.917294 0.917294 0.917294
3563.053467 0.000000 2223.176758 0.000000 0.628522 0.000000 -0.777792 1.031339 1.031339 1.031339
3559.591553 0.000000 2216.358154 0.000000 0.857932 0.000000 0.513764 0.898548 0.898548 0.898548
3568.523926 0.000000 2217.946289 0.000000 0.795327 0.000000 -0.606180 1.014244 1.014244 1.014244
3560.244385 0.000000 2229.937256 0.000000 0.948517 0.000000 -0.316725 1.246014 1.246014 1.246014
3572.757568 0.000000 2211.600098 0.000000 0.627504 0.000000 -0.778613 1.229602 1.229602 1.229602
3565.725830 0.000000 2227.927734 0.000000 0.225117 0.000000 0.974332 0.494771 0.494771 0.494771
3558.298828 0.000000 2225.444824 0.000000 0.596296 0.000000 -0.802765 1.547697 1.547697 1.547697
3577.352539 0.000000 2212.288330 0.000000 0.421986 0.000000 -0.906602 1.156345 1.156345 1.156345
3558.956055 0.000000 2220.680664 0.000000 0.707086 0.000000 -0.707127 1.400367 1.400367 1.400367
3555.532227 0.000000 2218.160889 0.000000 0.551947 0.000000 -0.833879 1.217037 1.217037 1.217037
3572.278564 0.000000 2215.817139 0.000000 0.997376 0.000000 -0.072398 1.145136 1.145136 1.145136
3562.979492 0.000000 2233.024414 0.000000 0.615302 0.000000 -0.788292 0.935707 0.935707 0.935707
3574.812988 0.000000 2207.716797 0.000000 0.995199 0.000000 -0.097870 1.073219 1.073219 1.073219
3572.010010 0.000000 2219.989746 0.000000 0.843083 0.000000 0.537784 0.889773 0.889773 0.889773
3562.001709 0.000000 2226.774902 0.000000 0.029058 0.000000 -0.999578 1.740189 1.740189 1.740189
3569.388184 0.000000 2226.985352 0.000000 0.368245 0.000000 -0.929729 1.213499 1.213499 1.213499
3566.046143 0.000000 2231.372559 0.000000 0.063021 0.000000 -0.998012 1.189793 1.189793 1.189793
3575.678955 0.000000 2215.101318 0.000000 0.639106 0.000000 0.769119 0.794719 0.794719 0.794719
3566.797119 0.000000 2225.061279 0.000000 0.654094 0.000000 -0.756413 1.088501 1.088501 1.088501
3563.328857 0.000000 2229.814941 0.000000 0.700939 0.000000 -0.713221 1.620662 1.620662 1.620662
3572.180176 0.000000 2208.784912 0.000000 0.671021 0.000000 0.741438 0.850151 0.850151 0.850151
3561.760498 0.000000 2220.612305 0.000000 0.781759 0.000000 0.623581 0.860432 0.860432 0.860432
3560.152588 0.000000 2223.285156 0.000000 0.099385 0.000000 0.995049 0.572725 0.572725 0.572725
3558.118408 0.000000 2228.241211 0.000000 0.760063 0.000000 0.649849 0.819614 0.819614 0.819614
3575.248779 0.000000 2210.468506 0.000000 0.536488 0.000000 -0.843908 1.577853 1.577853 1.577853
3557.474365 0.000000 2222.983887 0.000000 0.987179 0.000000 -0.159616 1.066539 1.066539 1.066539
3564.327881 0.000000 2225.723877 0.000000 0.441659 0.000000 -0.897183 1.148789 1.148789 1.148789
3567.735840 0.000000 2229.439453 0.000000 0.651264 0.000000 -0.758852 1.431530 1.431530 1.431530
3557.989502 0.000000 2218.344971 0.000000 0.527505 0.000000 0.849552 0.715359 0.715359 0.715359
3569.834229 0.000000 2215.801025 0.000000 0.926552 0.000000 -0.376168 1.022304 1.022304 1.022304
3553.100586 0.000000 2217.711426 0.000000 0.552528 0.000000 -0.833494 1.040253 1.040253 1.040253
3575.009521 0.000000 2212.822266 0.000000 0.992927 0.000000 -0.118725 1.093609 1.093609 1.093609
3577.615723 0.000000 2209.820312 0.000000 0.278532 0.000000 0.960427 0.733617 0.733617 0.733617
3573.422363 0.000000 2217.948242 0.000000 0.471151 0.000000 -0.882053 1.444304 1.444304 1.444304
3571.319580 0.000000 2213.586670 0.000000 0.578584 0.000000 -0.815623 1.244497 1.244497 1.244497
3560.481934 0.000000 2218.654785 0.000000 0.686457 0.000000 -0.727170 1.033674 1.033674 1.033674
3554.001709 0.000000 2219.995117 0.000000 0.152463 0.000000 -0.988309 1.311009 1.311009 1.311009
3556.368652 0.000000 2220.346924 0.000000 0.230423 0.000000 -0.973091 1.541652 1.541652 1.541652
3570.934570 0.000000 2217.928467 0.000000 0.949292 0.000000 -0.314395 1.155825 1.155825 1.155825
3559.912598 0.000000 2227.083008 0.000000 0.169952 0.000000 0.985452 0.661958 0.661958 0.661958
3561.676025 0.000000 2224.718262 0.000000 0.980863 0.000000 0.194698 1.003058 1.003058 1.003058
3573.724365 0.000000 2214.435547 0.000000 0.365773 0.000000 -0.930704 1.699212 1.699212 1.699212
3563.778564 0.000000 2227.607422 0.000000 0.909636 0.000000 -0.415407 1.266840 1.266840 1.266840
3567.401123 0.000000 2226.938721 0.000000 0.994896 0.000000 0.100910 1.037442 1.037442 1.037442
3561.780029 0.000000 2228.680176 0.000000 0.996679 0.000000 0.081427 1.060119 1.060119 1.060119
3562.195801 0.000000 2231.314941 0.000000 0.946201 0.000000 -0.323579 1.143958 1.143958 1.143958
3564.154297 0.000000 2231.486328 0.000000 0.995555 0.000000 -0.094184 1.079337 1.079337 1.079337
3574.178467 0.000000 2216.211914 0.000000 0.479612 0.000000 0.877481 0.793525 0.793525 0.793525
3565.156738 0.000000 2229.804688 0.000000 0.621886 0.000000 -0.783108 1.607192 1.607192 1.607192
3573.833496 0.000000 2209.351074 0.000000 0.290495 0.000000 -0.956877 1.151620 1.151620 1.151620
3560.065918 0.000000 2225.180908 0.000000 0.979226 0.000000 0.202772 0.999476 0.999476 0.999476
3561.591797 0.000000 2222.343750 0.000000 0.990527 0.000000 0.137321 1.000513 1.000513 1.000513
3576.988281 0.000000 2213.924561 0.000000 0.024566 0.000000 -0.999698 1.221482 1.221482 1.221482
3551.629639 0.000000 2216.920898 0.000000 0.717267 0.000000 -0.696799 1.082671 1.082671 1.082671
3565.813232 0.000000 2226.314941 0.000000 0.743154 0.000000 -0.669121 1.417433 1.417433 1.417433
3572.824707 0.000000 2213.155029 0.000000 0.990853 0.000000 -0.134944 1.176144 1.176144 1.176144
3558.970703 0.000000 2222.226074 0.000000 0.970872 0.000000 0.239599 0.977669 0.977669 0.977669
3560.323242 0.000000 2221.421143 0.000000 0.083736 0.000000 -0.996488 1.289352 1.289352 1.289352
3557.561523 0.000000 2221.364502 0.000000 0.968457 0.000000 -0.249182 1.150636 1.150636 1.150636
3573.254395 0.000000 2207.539795 0.000000 0.950102 0.000000 -0.311940 1.026739 1.026739 1.026739
3558.767578 0.000000 2223.951416 0.000000 0.906193 0.000000 0.422865 0.901023 0.901023 0.901023
3575.729492 0.000000 2209.024414 0.000000 0.426426 0.000000 0.904522 0.589614 0.589614 0.589614
3575.529053 0.000000 2216.918457 0.000000 0.565154 0.000000 -0.824985 1.160199 1.160199 1.160199
3559.669434 0.000000 2228.555176 0.000000 0.775286 0.000000 -0.631610 1.257611 1.257611 1.257611
3556.306152 0.000000 2222.115723 0.000000 0.988127 0.000000 -0.153641 1.064916 1.064916 1.064916
3576.635742 0.000000 2210.943359 0.000000 0.978586 0.000000 -0.205840 1.035281 1.035281 1.035281
3563.144531 0.000000 2224.814209 0.000000 0.997240 0.000000 -0.074241 1.043467 1.043467 1.043467
3568.449463 0.000000 2228.102295 0.000000 0.477162 0.000000 0.878815 0.791325 0.791325 0.791325
3557.070068 0.000000 2224.548340 0.000000 0.993351 0.000000 0.115127 0.962545 0.962545 0.962545
3571.108643 0.000000 2214.993164 0.000000 0.040044 0.000000 0.999198 0.441228 0.441228 0.441228
3557.832764 0.000000 2219.782471 0.000000 0.122703 0.000000 0.992443 0.573990 0.573990 0.573990
3571.052734 0.000000 2216.445068 0.000000 0.993132 0.000000 -0.116997 1.088429 1.088429 1.088429
3574.345459 0.000000 2211.538574 0.000000 0.736880 0.000000 0.676024 0.750955 0.750955 0.750955
3560.504150 0.000000 2220.058838 0.000000 0.611034 0.000000 -0.791604 1.175478 1.175478 1.175478
3559.238037 0.000000 2219.264893 0.000000 0.962497 0.000000 -0.271291 1.170986 1.170986 1.170986
3554.195068 0.000000 2218.528076 0.000000 0.794899 0.000000 0.606741 0.860415 0.860415 0.860415
3556.742676 0.000000 2218.914062 0.000000 0.584815 0.000000 0.811167 0.737902 0.737902 0.737902
3566.411133 0.000000 2229.118164 0.000000 0.228016 0.000000 0.973657 0.529935 0.529935 0.529935
3556.205566 0.000000 2223.471924 0.000000 0.197200 0.000000 0.980363 0.655335 0.655335 0.655335
3555.267334 0.000000 2219.473633 0.000000 0.055788 0.000000 0.998443 0.672526 0.672526 0.672526
3570.069336 0.000000 2214.157959 0.000000 0.845128 0.000000 0.534564 0.846135 0.846135 0.846135
3572.125732 0.000000 2217.242920 0.000000 0.767274 0.000000 0.641319 0.810372 0.810372 0.810372
3564.586670 0.000000 2228.650391 0.000000 0.996081 0.000000 0.088441 1.077212 1.077212 1.077212
3572.838623 0.000000 2210.189697 0.000000 0.998001 0.000000 -0.063196 1.028293 1.028293 1.028293
3572.400635 0.000000 2214.460693 0.000000 0.687042 0.000000 0.726617 0.708407 0.708407 0.708407
3558.583496 0.000000 2227.032959 0.000000 0.880171 0.000000 0.474656 0.891995 0.891995 0.891995
3563.220459 0.000000 2226.407715 0.000000 0.457791 0.000000 -0.889060 1.550378 1.550378 1.550378
3560.891357 0.000000 2226.188477 0.000000 0.573145 0.000000 0.819454 0.691117 0.691117 0.691117
3561.037354 0.000000 2227.630615 0.000000 0.973730 0.000000 -0.227704 1.167180 1.167180 1.167180
3575.973877 0.000000 2212.009766 0.000000 0.319769 0.000000 -0.947496 1.478505 1.478505 1.478505
3567.196289 0.000000 2228.159668 0.000000 0.424988 0.000000 -0.905199 1.542187 1.542187 1.542187
3575.644531 0.000000 2213.871094 0.000000 0.964341 0.000000 0.264661 0.961407 0.961407 0.961407
3563.004395 0.000000 2228.636963 0.000000 0.080767 0.000000 -0.996733 2.036713 2.036713 2.036713
3559.000000 0.000000 2229.737061 0.000000 0.844319 0.000000 0.535840 0.864289 0.864289 0.864289
3564.857178 0.000000 2227.073975 0.000000 0.614654 0.000000 0.788797 0.687981 0.687981 0.687981
3561.893799 0.000000 2223.449707 0.000000 0.577694 0.000000 0.816253 0.738372 0.738372 0.738372
3573.070312 0.000000 2216.645508 0.000000 0.973316 0.000000 -0.229471 1.141449 1.141449 1.141449
3573.844482 0.000000 2212.561523 0.000000 0.996847 0.000000 -0.079353 1.148575 1.148575 1.148575
3573.314209 0.000000 2215.457031 0.000000 0.019266 0.000000 -0.999814 1.874326 1.874326 1.874326
3565.092285 0.000000 2230.875244 0.000000 0.789958 0.000000 0.613161 0.830590 0.830590 0.830590
3562.356445 0.000000 2227.790771 0.000000 0.689103 0.000000 0.724663 0.740095 0.740095 0.740095
3560.633545 0.000000 2224.279297 0.000000 0.693248 0.000000 0.720699 0.738390 0.738390 0.738390
3560.719482 0.000000 2228.983154 0.000000 0.654301 0.000000 0.756234 0.702858 0.702858 0.702858
3566.419189 0.000000 2227.224365 0.000000 0.692202 0.000000 -0.721703 1.408896 1.408896 1.408896
3574.770264 0.000000 2208.708008 0.000000 0.536142 0.000000 0.844128 0.645292 0.645292 0.645292
3566.834229 0.000000 2226.135498 0.000000 0.316696 0.000000 -0.948527 1.589964 1.589964 1.589964
3559.130127 0.000000 2224.887451 0.000000 0.200808 0.000000 0.979631 0.451224 0.451224 0.451224
3562.385986 0.000000 2229.422363 0.000000 0.918465 0.000000 0.395503 0.902768 0.902768 0.902768
3565.510254 0.000000 2228.878906 0.000000 0.965657 0.000000 -0.259821 1.265667 1.265667 1.265667
3559.696533 0.000000 2224.162842 0.000000 0.982966 0.000000 0.183789 1.015431 1.015431 1.015431
3573.683838 0.000000 2213.484863 0.000000 0.546905 0.000000 0.837195 0.620283 0.620283 0.620283
3564.199463 0.000000 2229.477783 0.000000 0.732906 0.000000 0.680330 0.723435 0.723435 0.723435
3527.396973 0.000000 2239.522949 0.000000 0.061232 0.000000 -0.998124 1.084904 1.084904 1.084904
3540.761475 0.000000 2243.592285 0.000000 0.455286 0.000000 -0.890346 1.228836 1.228836 1.228836
3524.644287 0.000000 2240.410156 0.000000 0.294887 0.000000 -0.955532 0.994741 0.994741 0.994741
3540.184082 0.000000 2240.777100 0.000000 0.176758 0.000000 -0.984254 1.255870 1.255870 1.255870
3543.013428 0.000000 2244.814453 0.000000 0.305908 0.000000 -0.952061 1.235086 1.235086 1.235086
3541.837402 0.000000 2241.343262 0.000000 0.554613 0.000000 0.832109 0.803420 0.803420 0.803420
3538.371338 0.000000 2241.051514 0.000000 0.214145 0.000000 0.976802 0.775933 0.775933 0.775933
3539.132812 0.000000 2239.484375 0.000000 0.027616 0.000000 -0.999619 1.252560 1.252560 1.252560
"}
